9.999999999999999547e-07 5.834331666666665341e-03 1.166766333333333142e-02 3.309982022101673975e-05
1.166766333333333142e-02 1.750099499999999836e-02 2.333432666666666530e-02 2.830901929331897169e-04
2.333432666666666530e-02 2.916765833333333224e-02 3.500098999999999572e-02 7.489931954589823223e-04
3.500098999999999572e-02 4.083432166666665919e-02 4.666765333333332960e-02 1.399917796217180601e-03
4.666765333333332960e-02 5.250098500000000001e-02 5.833431666666666349e-02 2.208563278550676207e-03
5.833431666666666349e-02 6.416764833333332696e-02 7.000097999999999043e-02 3.150604351363964391e-03
7.000097999999999043e-02 7.583431166666665391e-02 8.166764333333333126e-02 4.204286411640215625e-03
8.166764333333333126e-02 8.750097499999999473e-02 9.333430666666665820e-02 5.350119776822963129e-03
9.333430666666665820e-02 9.916763833333332168e-02 1.050009699999999851e-01 6.570632692360424063e-03
1.050009699999999851e-01 1.108343016666666625e-01 1.166676333333333260e-01 7.850163998534527912e-03
1.166676333333333260e-01 1.225009649999999894e-01 1.283342966666666529e-01 9.174684814913142833e-03
1.283342966666666529e-01 1.341676283333333164e-01 1.400009599999999799e-01 1.053164265642844363e-02
1.400009599999999799e-01 1.458342916666666433e-01 1.516676233333333068e-01 1.190982357950735003e-02
1.516676233333333068e-01 1.575009549999999980e-01 1.633342866666666615e-01 1.329922924003519927e-02
1.633342866666666615e-01 1.691676183333333250e-01 1.750009499999999885e-01 1.469096655132920773e-02
1.750009499999999885e-01 1.808342816666666519e-01 1.866676133333333154e-01 1.607714816501254473e-02
1.866676133333333154e-01 1.925009449999999789e-01 1.983342766666666424e-01 1.745080236825420628e-02
1.983342766666666424e-01 2.041676083333333058e-01 2.100009399999999693e-01 1.880579125731341589e-02
2.100009399999999693e-01 2.158342716666666328e-01 2.216676033333333240e-01 2.013673624502572770e-02
2.216676033333333240e-01 2.275009349999999875e-01 2.333342666666666509e-01 2.143895011051418290e-02
2.333342666666666509e-01 2.391675983333333144e-01 2.450009299999999779e-01 2.270837491687663703e-02
2.450009299999999779e-01 2.508342616666666136e-01 2.566675933333332771e-01 2.394152521604410097e-02
2.566675933333332771e-01 2.625009249999999406e-01 2.683342566666666040e-01 2.513543603564242016e-02
2.683342566666666040e-01 2.741675883333332675e-01 2.800009199999999310e-01 2.628761520485196207e-02
2.800009199999999310e-01 2.858342516666665944e-01 2.916675833333332579e-01 2.739599962803380279e-02
2.916675833333332579e-01 2.975009149999999214e-01 3.033342466666665849e-01 2.845891515852064235e-02
3.033342466666665849e-01 3.091675783333333039e-01 3.150009099999999673e-01 2.947503976211989299e-02
3.150009099999999673e-01 3.208342416666666308e-01 3.266675733333332943e-01 3.044336969179766567e-02
3.266675733333332943e-01 3.325009049999999577e-01 3.383342366666666212e-01 3.136318842266402895e-02
3.383342366666666212e-01 3.441675683333332847e-01 3.500008999999999482e-01 3.223403812050571610e-02
3.500008999999999482e-01 3.558342316666666116e-01 3.616675633333332751e-01 3.305569343829706241e-02
3.616675633333332751e-01 3.675008949999999386e-01 3.733342266666666021e-01 3.382813745382701881e-02
3.733342266666666021e-01 3.791675583333332655e-01 3.850008899999999290e-01 3.455153957818456190e-02
3.850008899999999290e-01 3.908342216666665925e-01 3.966675533333332559e-01 3.522623527964964529e-02
3.966675533333332559e-01 4.025008849999999194e-01 4.083342166666665829e-01 3.585270748079041198e-02
4.083342166666665829e-01 4.141675483333332464e-01 4.200008799999999098e-01 3.643156949847686094e-02
4.200008799999999098e-01 4.258342116666665733e-01 4.316675433333332368e-01 3.696354940725700422e-02
4.316675433333332368e-01 4.375008749999999003e-01 4.433342066666666192e-01 3.744947571624882704e-02
4.433342066666666192e-01 4.491675383333332827e-01 4.550008699999999462e-01 3.789026425850229585e-02
4.550008699999999462e-01 4.608342016666666097e-01 4.666675333333332731e-01 3.828690619978309534e-02
4.666675333333332731e-01 4.725008649999999366e-01 4.783341966666666001e-01 3.864045708101511434e-02
4.783341966666666001e-01 4.841675283333332636e-01 4.900008599999999270e-01 3.895202681526635513e-02
4.900008599999999270e-01 4.958341916666666460e-01 5.016675233333333095e-01 3.922277056624124542e-02
5.016675233333333095e-01 5.075008549999999730e-01 5.133341866666666364e-01 3.945388044080881673e-02
5.133341866666666364e-01 5.191675183333332999e-01 5.250008499999999634e-01 3.964657793320121304e-02
5.250008499999999634e-01 5.308341816666666269e-01 5.366675133333332903e-01 3.980210706320586045e-02
5.366675133333332903e-01 5.425008449999999538e-01 5.483341766666666173e-01 3.992172815498633287e-02
5.483341766666666173e-01 5.541675083333332807e-01 5.600008399999999442e-01 4.000671220713605813e-02
5.600008399999999442e-01 5.658341716666666077e-01 5.716675033333332712e-01 4.005833580822721479e-02
5.716675033333332712e-01 5.775008349999999346e-01 5.833341666666665981e-01 4.007787655549208822e-02
5.833341666666665981e-01 5.891674983333332616e-01 5.950008299999999251e-01 4.006660893738841350e-02
5.950008299999999251e-01 6.008341616666665885e-01 6.066674933333332520e-01 4.002580064368078255e-02
6.066674933333332520e-01 6.125008249999999155e-01 6.183341566666665789e-01 3.995670926933021089e-02
6.183341566666665789e-01 6.241674883333332424e-01 6.300008200000000169e-01 3.986057938094882819e-02
6.300008200000000169e-01 6.358341516666666804e-01 6.416674833333333439e-01 3.973863991685553515e-02
6.416674833333333439e-01 6.475008150000000073e-01 6.533341466666666708e-01 3.959210189388209095e-02
6.533341466666666708e-01 6.591674783333333343e-01 6.650008099999999978e-01 3.942215639603643268e-02
6.650008099999999978e-01 6.708341416666666612e-01 6.766674733333333247e-01 3.922997282194619351e-02
6.766674733333333247e-01 6.825008049999999882e-01 6.883341366666666516e-01 3.901669736968876867e-02
6.883341366666666516e-01 6.941674683333333151e-01 7.000007999999999786e-01 3.878345173917781968e-02
7.000007999999999786e-01 7.058341316666666421e-01 7.116674633333333055e-01 3.853133203372676591e-02
7.116674633333333055e-01 7.175007949999999690e-01 7.233341266666666325e-01 3.826140784375705456e-02
7.233341266666666325e-01 7.291674583333332960e-01 7.350007899999999594e-01 3.797472149686994397e-02
7.350007899999999594e-01 7.408341216666666229e-01 7.466674533333332864e-01 3.767228745966395148e-02
7.466674533333332864e-01 7.525007849999999499e-01 7.583341166666666133e-01 3.735509187775895579e-02
7.583341166666666133e-01 7.641674483333332768e-01 7.700007799999999403e-01 3.702409224149390971e-02
7.700007799999999403e-01 7.758341116666666037e-01 7.816674433333332672e-01 3.668021716569570129e-02
7.816674433333332672e-01 7.875007749999999307e-01 7.933341066666665942e-01 3.632436627278687324e-02
7.933341066666665942e-01 7.991674383333332576e-01 8.050007699999999211e-01 3.595741016930432271e-02
8.050007699999999211e-01 8.108341016666665846e-01 8.166674333333332481e-01 3.558019050665241906e-02
8.166674333333332481e-01 8.225007649999999115e-01 8.283340966666665750e-01 3.519352011761003873e-02
8.283340966666665750e-01 8.341674283333332385e-01 8.400007599999999020e-01 3.479818322076044107e-02
8.400007599999999020e-01 8.458340916666665654e-01 8.516674233333332289e-01 3.439493568561460130e-02
8.516674233333332289e-01 8.575007549999998924e-01 8.633340866666665558e-01 3.398450535175987636e-02
8.633340866666665558e-01 8.691674183333333303e-01 8.750007499999999938e-01 3.356759239588645582e-02
8.750007499999999938e-01 8.808340816666666573e-01 8.866674133333333208e-01 3.314486974102848205e-02
8.866674133333333208e-01 8.925007449999999842e-01 8.983340766666666477e-01 3.271698350280713430e-02
8.983340766666666477e-01 9.041674083333333112e-01 9.100007399999999746e-01 3.228455346788133840e-02
9.100007399999999746e-01 9.158340716666666381e-01 9.216674033333333016e-01 3.184817360020045923e-02
9.216674033333333016e-01 9.275007349999999651e-01 9.333340666666666285e-01 3.140841257101489870e-02
9.333340666666666285e-01 9.391673983333332920e-01 9.450007299999999555e-01 3.096581430893587117e-02
9.450007299999999555e-01 9.508340616666666190e-01 9.566673933333332824e-01 3.052089856664774031e-02
9.566673933333332824e-01 9.625007249999999459e-01 9.683340566666666094e-01 3.007416150116485470e-02
9.683340566666666094e-01 9.741673883333332729e-01 9.800007199999999363e-01 2.962607626479451389e-02
9.800007199999999363e-01 9.858340516666665998e-01 9.916673833333332633e-01 2.917709360421587989e-02
9.916673833333332633e-01 9.975007149999999267e-01 1.003334046666666479e+00 2.872764246531698401e-02
1.003334046666666479e+00 1.009167378333333254e+00 1.015000709999999806e+00 2.827813060164496503e-02
1.015000709999999806e+00 1.020834041666666359e+00 1.026667373333333133e+00 2.782894518452497593e-02
1.026667373333333133e+00 1.032500704999999908e+00 1.038334036666666460e+00 2.738045341308583541e-02
1.038334036666666460e+00 1.044167368333333012e+00 1.050000699999999787e+00 2.693300312260240095e-02
1.050000699999999787e+00 1.055834031666666561e+00 1.061667363333333114e+00 2.648692338972085183e-02
1.061667363333333114e+00 1.067500694999999666e+00 1.073334026666666441e+00 2.604252513328112265e-02
1.073334026666666441e+00 1.079167358333333215e+00 1.085000689999999768e+00 2.560010170958337480e-02
1.085000689999999768e+00 1.090834021666666320e+00 1.096667353333333095e+00 2.515992950107241027e-02
1.096667353333333095e+00 1.102500684999999869e+00 1.108334016666666422e+00 2.472226849752715699e-02
1.108334016666666422e+00 1.114167348333332974e+00 1.120000679999999749e+00 2.428736286895034208e-02
1.120000679999999749e+00 1.125834011666666523e+00 1.131667343333333076e+00 2.385544152944976681e-02
1.131667343333333076e+00 1.137500674999999628e+00 1.143334006666666403e+00 2.342671869149468705e-02
1.143334006666666403e+00 1.149167338333333177e+00 1.155000669999999729e+00 2.300139441001194593e-02
1.155000669999999729e+00 1.160834001666666282e+00 1.166667333333333056e+00 2.257965511586494667e-02
1.166667333333333056e+00 1.172500664999999831e+00 1.178333996666666383e+00 2.216167413832681454e-02
1.178333996666666383e+00 1.184167328333332936e+00 1.190000659999999710e+00 2.174761221622494717e-02
1.190000659999999710e+00 1.195833991666666485e+00 1.201667323333333037e+00 2.133761799749226556e-02
1.201667323333333037e+00 1.207500654999999590e+00 1.213333986666666364e+00 2.093182852691520546e-02
1.213333986666666364e+00 1.219167318333333139e+00 1.225000649999999691e+00 2.053036972191695647e-02
1.225000649999999691e+00 1.230833981666666244e+00 1.236667313333333018e+00 2.013335683626049991e-02
1.236667313333333018e+00 1.242500644999999793e+00 1.248333976666666567e+00 1.974089491159613727e-02
1.248333976666666567e+00 1.254167308333333342e+00 1.260000639999999894e+00 1.935307921681624771e-02
1.260000639999999894e+00 1.265833971666666447e+00 1.271667303333333221e+00 1.896999567521316654e-02
1.271667303333333221e+00 1.277500634999999996e+00 1.283333966666666548e+00 1.859172127946718406e-02
1.283333966666666548e+00 1.289167298333333100e+00 1.295000629999999875e+00 1.821832449451944030e-02
1.295000629999999875e+00 1.300833961666666649e+00 1.306667293333333202e+00 1.784986564840854856e-02
1.306667293333333202e+00 1.312500624999999754e+00 1.318333956666666529e+00 1.748639731117363622e-02
1.318333956666666529e+00 1.324167288333333303e+00 1.330000619999999856e+00 1.712796466194461270e-02
1.330000619999999856e+00 1.335833951666666408e+00 1.341667283333333183e+00 1.677460584436019780e-02
1.341667283333333183e+00 1.347500614999999957e+00 1.353333946666666510e+00 1.642635231046846514e-02
1.353333946666666510e+00 1.359167278333333062e+00 1.365000609999999837e+00 1.608322915327984465e-02
1.365000609999999837e+00 1.370833941666666611e+00 1.376667273333333164e+00 1.574525542815349843e-02
1.376667273333333164e+00 1.382500604999999716e+00 1.388333936666666490e+00 1.541244446321007183e-02
1.388333936666666490e+00 1.394167268333333265e+00 1.400000599999999817e+00 1.508480415897151330e-02
1.400000599999999817e+00 1.405833931666666370e+00 1.411667263333333144e+00 1.476233727743784217e-02
1.411667263333333144e+00 1.417500594999999919e+00 1.423333926666666471e+00 1.444504172081598897e-02
1.423333926666666471e+00 1.429167258333333024e+00 1.435000589999999798e+00 1.413291080012271834e-02
1.435000589999999798e+00 1.440833921666666573e+00 1.446667253333333125e+00 1.382593349388686575e-02
1.446667253333333125e+00 1.452500584999999678e+00 1.458333916666666452e+00 1.352409469718025489e-02
1.458333916666666452e+00 1.464167248333333227e+00 1.470000579999999779e+00 1.322737546120898722e-02
1.470000579999999779e+00 1.475833911666666332e+00 1.481667243333333106e+00 1.293575322369892346e-02
1.481667243333333106e+00 1.487500574999999881e+00 1.493333906666666433e+00 1.264920203030969227e-02
1.493333906666666433e+00 1.499167238333332985e+00 1.505000569999999760e+00 1.236769274731260720e-02
1.505000569999999760e+00 1.510833901666666534e+00 1.516667233333333087e+00 1.209119326576725724e-02
1.516667233333333087e+00 1.522500564999999639e+00 1.528333896666666414e+00 1.181966869743093611e-02
1.528333896666666414e+00 1.534167228333333188e+00 1.540000559999999741e+00 1.155308156263404676e-02
1.540000559999999741e+00 1.545833891666666293e+00 1.551667223333333068e+00 1.129139197035265892e-02
1.551667223333333068e+00 1.557500554999999842e+00 1.563333886666666395e+00 1.103455779070750334e-02
1.563333886666666395e+00 1.569167218333332947e+00 1.575000549999999722e+00 1.078253482011645725e-02
1.575000549999999722e+00 1.580833881666666496e+00 1.586667213333333049e+00 1.053527693932440612e-02
1.586667213333333049e+00 1.592500544999999601e+00 1.598333876666666375e+00 1.029273626453192092e-02
1.598333876666666375e+00 1.604167208333333150e+00 1.610000539999999702e+00 1.005486329184048302e-02
1.610000539999999702e+00 1.615833871666666255e+00 1.621667203333333029e+00 9.821607035228732685e-03
1.621667203333333029e+00 1.627500534999999804e+00 1.633333866666666356e+00 9.592915158270671344e-03
1.633333866666666356e+00 1.639167198333332909e+00 1.645000529999999683e+00 9.368734099802655813e-03
1.645000529999999683e+00 1.650833861666666458e+00 1.656667193333333010e+00 9.149009193742249288e-03
1.656667193333333010e+00 1.662500524999999563e+00 1.668333856666666337e+00 8.933684783258039053e-03
1.668333856666666337e+00 1.674167188333333112e+00 1.680000519999999664e+00 8.722704329484989166e-03
1.680000519999999664e+00 1.685833851666666217e+00 1.691667183333332991e+00 8.516010514976118245e-03
1.691667183333332991e+00 1.697500514999999766e+00 1.703333846666666318e+00 8.313545342076535810e-03
1.703333846666666318e+00 1.709167178333332870e+00 1.715000509999999645e+00 8.115250226401991840e-03
1.715000509999999645e+00 1.720833841666666419e+00 1.726667173333332972e+00 7.921066085599176229e-03
1.726667173333332972e+00 1.732500504999999524e+00 1.738333836666666299e+00 7.730933423561159833e-03
1.738333836666666299e+00 1.744167168333333073e+00 1.750000499999999848e+00 7.544792410266453440e-03
1.750000499999999848e+00 1.755833831666666622e+00 1.761667163333333175e+00 7.362582957406223205e-03
1.761667163333333175e+00 1.767500494999999727e+00 1.773333826666666502e+00 7.184244789959378513e-03
1.773333826666666502e+00 1.779167158333333276e+00 1.785000489999999829e+00 7.009717513871210719e-03
1.785000489999999829e+00 1.790833821666666381e+00 1.796667153333333156e+00 6.838940679986782976e-03
1.796667153333333156e+00 1.802500484999999930e+00 1.808333816666666483e+00 6.671853844385999648e-03
1.808333816666666483e+00 1.814167148333333035e+00 1.820000479999999810e+00 6.508396625263021540e-03
1.820000479999999810e+00 1.825833811666666584e+00 1.831667143333333136e+00 6.348508756488426691e-03
1.831667143333333136e+00 1.837500474999999689e+00 1.843333806666666463e+00 6.192130137988585518e-03
1.843333806666666463e+00 1.849167138333333238e+00 1.855000469999999790e+00 6.039200883072341590e-03
1.855000469999999790e+00 1.860833801666666343e+00 1.866667133333333117e+00 5.889661362831298021e-03
1.866667133333333117e+00 1.872500464999999892e+00 1.878333796666666444e+00 5.743452247735868731e-03
1.878333796666666444e+00 1.884167128333332997e+00 1.890000459999999771e+00 5.600514546545538007e-03
1.890000459999999771e+00 1.895833791666666546e+00 1.901667123333333098e+00 5.460789642647828797e-03
1.901667123333333098e+00 1.907500454999999651e+00 1.913333786666666425e+00 5.324219327936799070e-03
1.913333786666666425e+00 1.919167118333333200e+00 1.925000449999999752e+00 5.190745834338118640e-03
1.925000449999999752e+00 1.930833781666666304e+00 1.936667113333333079e+00 5.060311863084429075e-03
1.936667113333333079e+00 1.942500444999999853e+00 1.948333776666666406e+00 4.932860611840846066e-03
1.948333776666666406e+00 1.954167108333332958e+00 1.960000439999999733e+00 4.808335799777378392e-03
1.960000439999999733e+00 1.965833771666666507e+00 1.971667103333333060e+00 4.686681690681353089e-03
1.971667103333333060e+00 1.977500434999999612e+00 1.983333766666666387e+00 4.567843114199973513e-03
1.983333766666666387e+00 1.989167098333333161e+00 1.995000429999999714e+00 4.451765485299742989e-03
1.995000429999999714e+00 2.000833761666666710e+00 2.006667093333333263e+00 4.338394822026447537e-03
2.006667093333333263e+00 2.012500424999999815e+00 2.018333756666666812e+00 4.227677761646390919e-03
2.018333756666666812e+00 2.024167088333333364e+00 2.030000419999999917e+00 4.119561575246529980e-03
2.030000419999999917e+00 2.035833751666666913e+00 2.041667083333333466e+00 4.013994180868518842e-03
2.041667083333333466e+00 2.047500415000000018e+00 2.053333746666666570e+00 3.910924155248507277e-03
2.053333746666666570e+00 2.059167078333333123e+00 2.065000410000000119e+00 3.810300744232242211e-03
2.065000410000000119e+00 2.070833741666666672e+00 2.076667073333333224e+00 3.712073871932071879e-03
2.076667073333333224e+00 2.082500405000000221e+00 2.088333736666666773e+00 3.616194148690091148e-03
2.088333736666666773e+00 2.094167068333333326e+00 2.100000399999999878e+00 3.522612877909060605e-03
2.100000399999999878e+00 2.105833731666666431e+00 2.111667063333333427e+00 3.431282061810405661e-03
2.111667063333333427e+00 2.117500394999999980e+00 2.123333726666666532e+00 3.342154406176230629e-03
2.123333726666666532e+00 2.129167058333333529e+00 2.135000390000000081e+00 3.255183324130048357e-03
2.135000390000000081e+00 2.140833721666666634e+00 2.146667053333333186e+00 3.170322939008708187e-03
2.146667053333333186e+00 2.152500384999999739e+00 2.158333716666666735e+00 3.087528086375852625e-03
2.158333716666666735e+00 2.164167048333333288e+00 2.170000379999999840e+00 3.006754315225296324e-03
2.170000379999999840e+00 2.175833711666666836e+00 2.181667043333333389e+00 2.927957888420586793e-03
2.181667043333333389e+00 2.187500374999999941e+00 2.193333706666666494e+00 2.851095782415211718e-03
2.193333706666666494e+00 2.199167038333333046e+00 2.205000370000000043e+00 2.776125686295907204e-03
2.205000370000000043e+00 2.210833701666666595e+00 2.216667033333333148e+00 2.703006000189935292e-03
2.216667033333333148e+00 2.222500365000000144e+00 2.228333696666666697e+00 2.631695833075266191e-03
2.228333696666666697e+00 2.234167028333333249e+00 2.240000359999999802e+00 2.562155000030980848e-03
2.240000359999999802e+00 2.245833691666666354e+00 2.251667023333333351e+00 2.494344018963705507e-03
2.251667023333333351e+00 2.257500354999999903e+00 2.263333686666666456e+00 2.428224106844099200e-03
2.263333686666666456e+00 2.269167018333333452e+00 2.275000350000000005e+00 2.363757175486204311e-03
2.275000350000000005e+00 2.280833681666666557e+00 2.286667013333333109e+00 2.300905826900650607e-03
2.286667013333333109e+00 2.292500344999999662e+00 2.298333676666666658e+00 2.239633348251693530e-03
2.298333676666666658e+00 2.304167008333333211e+00 2.310000339999999763e+00 2.179903706446371849e-03
2.310000339999999763e+00 2.315833671666666760e+00 2.321667003333333312e+00 2.121681542383012462e-03
2.321667003333333312e+00 2.327500334999999865e+00 2.333333666666666417e+00 2.064932164884924082e-03
2.333333666666666417e+00 2.339166998333332970e+00 2.345000329999999966e+00 2.009621544343899013e-03
2.345000329999999966e+00 2.350833661666666519e+00 2.356666993333333071e+00 1.955716306097146900e-03
2.356666993333333071e+00 2.362500325000000068e+00 2.368333656666666620e+00 1.903183723559908735e-03
2.368333656666666620e+00 2.374166988333333173e+00 2.380000319999999725e+00 1.851991711135164524e-03
2.380000319999999725e+00 2.385833651666666277e+00 2.391666983333333274e+00 1.802108816920622910e-03
2.391666983333333274e+00 2.397500314999999826e+00 2.403333646666666379e+00 1.753504215232319511e-03
2.403333646666666379e+00 2.409166978333333375e+00 2.415000309999999928e+00 1.706147698963151335e-03
2.415000309999999928e+00 2.420833641666666480e+00 2.426666973333333033e+00 1.660009671793660898e-03
2.426666973333333033e+00 2.432500304999999585e+00 2.438333636666666582e+00 1.615061140271684126e-03
2.438333636666666582e+00 2.444166968333333134e+00 2.450000299999999687e+00 1.571273705776424700e-03
2.450000299999999687e+00 2.455833631666666683e+00 2.461666963333333236e+00 1.528619556381923764e-03
2.461666963333333236e+00 2.467500294999999788e+00 2.473333626666666341e+00 1.487071458633847879e-03
2.473333626666666341e+00 2.479166958333332893e+00 2.485000289999999890e+00 1.446602749253032404e-03
2.485000289999999890e+00 2.490833621666666886e+00 2.496666953333333439e+00 1.407187326778291990e-03
2.496666953333333439e+00 2.502500284999999991e+00 2.508333616666666543e+00 1.368799643160471466e-03
2.508333616666666543e+00 2.514166948333333096e+00 2.520000280000000092e+00 1.331414695318921095e-03
2.520000280000000092e+00 2.525833611666666645e+00 2.531666943333333197e+00 1.295008016671033964e-03
2.531666943333333197e+00 2.537500275000000194e+00 2.543333606666666746e+00 1.259555668644880225e-03
2.543333606666666746e+00 2.549166938333333299e+00 2.555000269999999851e+00 1.225034232184286833e-03
2.555000269999999851e+00 2.560833601666666404e+00 2.566666933333333400e+00 1.191420799255311349e-03
2.566666933333333400e+00 2.572500264999999953e+00 2.578333596666666505e+00 1.158692964362372088e-03
2.578333596666666505e+00 2.584166928333333502e+00 2.590000260000000054e+00 1.126828816081932357e-03
2.590000260000000054e+00 2.595833591666666607e+00 2.601666923333333159e+00 1.095806928621024211e-03
2.601666923333333159e+00 2.607500254999999711e+00 2.613333586666666708e+00 1.065606353407482290e-03
2.613333586666666708e+00 2.619166918333333260e+00 2.625000249999999813e+00 1.036206610718378449e-03
2.625000249999999813e+00 2.630833581666666809e+00 2.636666913333333362e+00 1.007587681352603570e-03
2.636666913333333362e+00 2.642500244999999914e+00 2.648333576666666467e+00 9.797299983532116625e-04
2.648333576666666467e+00 2.654166908333333019e+00 2.660000240000000016e+00 9.526144387847578334e-04
2.660000240000000016e+00 2.665833571666666568e+00 2.671666903333333121e+00 9.262223155704583108e-04
2.671666903333333121e+00 2.677500235000000117e+00 2.683333566666666670e+00 9.005353693936779145e-04
2.683333566666666670e+00 2.689166898333333222e+00 2.695000229999999775e+00 8.755357606678908569e-04
2.695000229999999775e+00 2.700833561666666327e+00 2.706666893333333324e+00 8.512060615789653105e-04
2.706666893333333324e+00 2.712500224999999876e+00 2.718333556666666428e+00 8.275292482032988676e-04
2.718333556666666428e+00 2.724166888333333425e+00 2.730000219999999977e+00 8.044886927050658469e-04
2.730000219999999977e+00 2.735833551666666530e+00 2.741666883333333082e+00 7.820681556155201653e-04
2.741666883333333082e+00 2.747500214999999635e+00 2.753333546666666631e+00 7.602517781971000581e-04
2.753333546666666631e+00 2.759166878333333184e+00 2.765000209999999736e+00 7.390240748947485153e-04
2.765000209999999736e+00 2.770833541666666733e+00 2.776666873333333285e+00 7.183699258767248502e-04
2.776666873333333285e+00 2.782500204999999838e+00 2.788333536666666390e+00 6.982745696668682866e-04
2.788333536666666390e+00 2.794166868333332943e+00 2.800000199999999939e+00 6.787235958701055361e-04
2.800000199999999939e+00 2.805833531666666492e+00 2.811666863333333044e+00 6.597029379928187999e-04
2.811666863333333044e+00 2.817500195000000041e+00 2.823333526666666593e+00 6.411988663594204519e-04
2.823333526666666593e+00 2.829166858333333145e+00 2.835000189999999698e+00 6.231979811263860030e-04
2.835000189999999698e+00 2.840833521666666250e+00 2.846666853333333247e+00 6.056872053947608137e-04
2.846666853333333247e+00 2.852500184999999799e+00 2.858333516666666352e+00 5.886537784220472695e-04
2.858333516666666352e+00 2.864166848333333348e+00 2.870000179999999901e+00 5.720852489341588312e-04
2.870000179999999901e+00 2.875833511666666453e+00 2.881666843333333006e+00 5.559694685380644824e-04
2.881666843333333006e+00 2.887500174999999558e+00 2.893333506666666555e+00 5.402945852355402331e-04
2.893333506666666555e+00 2.899166838333333107e+00 2.905000169999999660e+00 5.250490370383482800e-04
2.905000169999999660e+00 2.910833501666666656e+00 2.916666833333333209e+00 5.102215456850542645e-04
2.916666833333333209e+00 2.922500164999999761e+00 2.928333496666666314e+00 4.958011104595402016e-04
2.928333496666666314e+00 2.934166828333332866e+00 2.940000159999999862e+00 4.817770021112039716e-04
2.940000159999999862e+00 2.945833491666666415e+00 2.951666823333332967e+00 4.681387568767091979e-04
2.951666823333332967e+00 2.957500154999999964e+00 2.963333486666666516e+00 4.548761706030700824e-04
2.963333486666666516e+00 2.969166818333333069e+00 2.975000149999999621e+00 4.419792929717611678e-04
2.975000149999999621e+00 2.980833481666666174e+00 2.986666813333333170e+00 4.294384218234391110e-04
2.986666813333333170e+00 2.992500145000000167e+00 2.998333476666666719e+00 4.172440975828465800e-04
2.998333476666666719e+00 3.004166808333333272e+00 3.010000139999999824e+00 4.053870977833141606e-04
3.010000139999999824e+00 3.015833471666666377e+00 3.021666803333333373e+00 3.938584316902767014e-04
3.021666803333333373e+00 3.027500134999999926e+00 3.033333466666666478e+00 3.826493350231201826e-04
3.033333466666666478e+00 3.039166798333333475e+00 3.045000130000000027e+00 3.717512647746357276e-04
3.045000130000000027e+00 3.050833461666666580e+00 3.056666793333333132e+00 3.611558941272911350e-04
3.056666793333333132e+00 3.062500124999999684e+00 3.068333456666666681e+00 3.508551074654865567e-04
3.068333456666666681e+00 3.074166788333333233e+00 3.080000119999999786e+00 3.408409954829220837e-04
3.080000119999999786e+00 3.085833451666666782e+00 3.091666783333333335e+00 3.311058503841431437e-04
3.091666783333333335e+00 3.097500114999999887e+00 3.103333446666666440e+00 3.216421611793192077e-04
3.103333446666666440e+00 3.109166778333332992e+00 3.115000109999999989e+00 3.124426090712417530e-04
3.115000109999999989e+00 3.120833441666666541e+00 3.126666773333333094e+00 3.035000629335323592e-04
3.126666773333333094e+00 3.132500105000000090e+00 3.138333436666666643e+00 2.948075748789923491e-04
3.138333436666666643e+00 3.144166768333333195e+00 3.150000099999999748e+00 2.863583759170113983e-04
3.150000099999999748e+00 3.155833431666666300e+00 3.161666763333333297e+00 2.781458716989384421e-04
3.161666763333333297e+00 3.167500094999999849e+00 3.173333426666666401e+00 2.701636383502711023e-04
3.173333426666666401e+00 3.179166758333333398e+00 3.185000089999999950e+00 2.624054183885402361e-04
3.185000089999999950e+00 3.190833421666666503e+00 3.196666753333333055e+00 2.548651167257005639e-04
3.196666753333333055e+00 3.202500084999999608e+00 3.208333416666666604e+00 2.475367967538737298e-04
3.208333416666666604e+00 3.214166748333333157e+00 3.220000079999999709e+00 2.404146765132422010e-04
3.220000079999999709e+00 3.225833411666666706e+00 3.231666743333333258e+00 2.334931249409026577e-04
3.231666743333333258e+00 3.237500074999999811e+00 3.243333406666666363e+00 2.267666581994706926e-04
3.243333406666666363e+00 3.249166738333332916e+00 3.255000069999999912e+00 2.202299360842153043e-04
3.255000069999999912e+00 3.260833401666666465e+00 3.266666733333333017e+00 2.138777585075238112e-04
3.266666733333333017e+00 3.272500065000000014e+00 3.278333396666666566e+00 2.077050620594543952e-04
3.278333396666666566e+00 3.284166728333333118e+00 3.290000059999999671e+00 2.017069166431718040e-04
3.290000059999999671e+00 3.295833391666666223e+00 3.301666723333333220e+00 1.958785221840275692e-04
3.301666723333333220e+00 3.307500054999999772e+00 3.313333386666666325e+00 1.902152054110735748e-04
3.313333386666666325e+00 3.319166718333333321e+00 3.325000049999999874e+00 1.847124167097811184e-04
3.325000049999999874e+00 3.330833381666666426e+00 3.336666713333332979e+00 1.793657270447500483e-04
3.336666713333332979e+00 3.342500044999999531e+00 3.348333376666666528e+00 1.741708249511927735e-04
3.348333376666666528e+00 3.354166708333333080e+00 3.360000039999999633e+00 1.691235135939881393e-04
3.360000039999999633e+00 3.365833371666666629e+00 3.371666703333333182e+00 1.642197078930987205e-04
3.371666703333333182e+00 3.377500034999999734e+00 3.383333366666666286e+00 1.594554317141571231e-04
3.383333366666666286e+00 3.389166698333332839e+00 3.395000029999999835e+00 1.548268151230364220e-04
3.395000029999999835e+00 3.400833361666666388e+00 3.406666693333332940e+00 1.503300917032170472e-04
3.406666693333332940e+00 3.412500024999999937e+00 3.418333356666666489e+00 1.459615959347930838e-04
3.418333356666666489e+00 3.424166688333333042e+00 3.430000019999999594e+00 1.417177606339420609e-04
3.430000019999999594e+00 3.435833351666666147e+00 3.441666683333333143e+00 1.375951144517194909e-04
3.441666683333333143e+00 3.447500014999999696e+00 3.453333346666666248e+00 1.335902794310334064e-04
3.453333346666666248e+00 3.459166678333333245e+00 3.465000009999999797e+00 1.296999686206717006e-04
3.465000009999999797e+00 3.470833341666666350e+00 3.476666673333332902e+00 1.259209837452665223e-04
3.476666673333332902e+00 3.482500004999999454e+00 3.488333336666666451e+00 1.222502129300896201e-04
3.488333336666666451e+00 3.494166668333333448e+00 3.500000000000000000e+00 1.186846284795918456e-04
