# tomo_id	shear_zmin	shear_zmax
0	0.600000	0.664600
1	0.664600	0.717300
2	0.717300	0.764900
3	0.764900	0.809100
4	0.809100	0.851600
5	0.851600	0.890700
6	0.890700	0.929800
7	0.929800	0.968900
8	0.968900	1.006300
9	1.006300	1.043700
10	1.043700	1.081100
11	1.081100	1.120200
12	1.120200	1.159300
13	1.159300	1.200100
14	1.200100	1.240900
15	1.240900	1.283400
16	1.283400	1.329300
17	1.329300	1.375200
18	1.375200	1.424500
19	1.424500	1.477200
20	1.477200	1.535000
21	1.535000	1.596200
22	1.596200	1.665900
23	1.665900	1.744100
24	1.744100	1.837600
25	1.837600	1.977000
26	1.977000	2.160600
27	2.160600	2.352700
28	2.352700	2.641700
29	2.641700	4.000000
