0.000000e+00 2.759200e-03 5.518400e-03 1.273987e-06
5.518400e-03 8.277600e-03 1.103680e-02 0.000000e+00
1.103680e-02 1.379600e-02 1.655520e-02 0.000000e+00
1.655520e-02 1.931440e-02 2.207360e-02 0.000000e+00
2.207360e-02 2.483280e-02 2.759200e-02 0.000000e+00
2.759200e-02 3.035120e-02 3.311040e-02 0.000000e+00
3.311040e-02 3.586960e-02 3.862880e-02 0.000000e+00
3.862880e-02 4.138800e-02 4.414720e-02 1.319813e-05
4.414720e-02 4.690640e-02 4.966560e-02 3.023117e-05
4.966560e-02 5.242480e-02 5.518400e-02 5.109661e-05
5.518400e-02 5.794320e-02 6.070240e-02 7.579447e-05
6.070240e-02 6.346160e-02 6.622080e-02 1.043247e-04
6.622080e-02 6.898000e-02 7.173920e-02 1.366873e-04
7.173920e-02 7.449840e-02 7.725760e-02 1.728824e-04
7.725760e-02 8.001680e-02 8.277600e-02 2.129099e-04
8.277600e-02 8.553520e-02 8.829440e-02 2.567697e-04
8.829440e-02 9.105360e-02 9.381280e-02 3.044619e-04
9.381280e-02 9.657200e-02 9.933120e-02 3.559865e-04
9.933120e-02 1.020904e-01 1.048496e-01 4.113436e-04
1.048496e-01 1.076088e-01 1.103680e-01 4.705332e-04
1.103680e-01 1.131272e-01 1.158864e-01 5.335549e-04
1.158864e-01 1.186456e-01 1.214048e-01 6.004091e-04
1.214048e-01 1.241640e-01 1.269232e-01 6.710959e-04
1.269232e-01 1.296824e-01 1.324416e-01 7.456151e-04
1.324416e-01 1.352008e-01 1.379600e-01 8.239663e-04
1.379600e-01 1.407192e-01 1.434784e-01 9.061503e-04
1.434784e-01 1.462376e-01 1.489968e-01 9.921665e-04
1.489968e-01 1.517560e-01 1.545152e-01 1.082015e-03
1.545152e-01 1.572744e-01 1.600336e-01 1.170162e-03
1.600336e-01 1.627928e-01 1.655520e-01 1.259101e-03
1.655520e-01 1.683112e-01 1.710704e-01 1.349881e-03
1.710704e-01 1.738296e-01 1.765888e-01 1.442501e-03
1.765888e-01 1.793480e-01 1.821072e-01 1.536961e-03
1.821072e-01 1.848664e-01 1.876256e-01 1.633263e-03
1.876256e-01 1.903848e-01 1.931440e-01 1.731404e-03
1.931440e-01 1.959032e-01 1.986624e-01 1.831387e-03
1.986624e-01 2.014216e-01 2.041808e-01 1.933210e-03
2.041808e-01 2.069400e-01 2.096992e-01 2.036874e-03
2.096992e-01 2.124584e-01 2.152176e-01 2.142378e-03
2.152176e-01 2.179768e-01 2.207360e-01 2.249722e-03
2.207360e-01 2.234952e-01 2.262544e-01 2.358908e-03
2.262544e-01 2.290136e-01 2.317728e-01 2.469934e-03
2.317728e-01 2.345320e-01 2.372912e-01 2.582800e-03
2.372912e-01 2.400504e-01 2.428096e-01 2.697508e-03
2.428096e-01 2.455688e-01 2.483280e-01 2.814055e-03
2.483280e-01 2.510872e-01 2.538464e-01 2.932444e-03
2.538464e-01 2.566056e-01 2.593648e-01 3.033758e-03
2.593648e-01 2.621240e-01 2.648832e-01 3.126953e-03
2.648832e-01 2.676424e-01 2.704016e-01 3.219941e-03
2.704016e-01 2.731608e-01 2.759200e-01 3.312724e-03
2.759200e-01 2.786792e-01 2.814384e-01 3.405301e-03
2.814384e-01 2.841976e-01 2.869568e-01 3.497671e-03
2.869568e-01 2.897160e-01 2.924752e-01 3.589836e-03
2.924752e-01 2.952344e-01 2.979936e-01 3.681794e-03
2.979936e-01 3.007528e-01 3.035120e-01 3.773546e-03
3.035120e-01 3.062712e-01 3.090304e-01 3.865093e-03
3.090304e-01 3.117896e-01 3.145488e-01 3.956434e-03
3.145488e-01 3.173080e-01 3.200672e-01 4.047568e-03
3.200672e-01 3.228264e-01 3.255856e-01 4.138496e-03
3.255856e-01 3.283448e-01 3.311040e-01 4.229218e-03
3.311040e-01 3.338632e-01 3.366224e-01 4.319735e-03
3.366224e-01 3.393816e-01 3.421408e-01 4.410045e-03
3.421408e-01 3.449000e-01 3.476592e-01 4.500150e-03
3.476592e-01 3.504184e-01 3.531776e-01 4.590047e-03
3.531776e-01 3.559368e-01 3.586960e-01 4.666454e-03
3.586960e-01 3.614552e-01 3.642144e-01 4.732132e-03
3.642144e-01 3.669736e-01 3.697328e-01 4.796676e-03
3.697328e-01 3.724920e-01 3.752512e-01 4.860085e-03
3.752512e-01 3.780104e-01 3.807696e-01 4.922359e-03
3.807696e-01 3.835288e-01 3.862880e-01 4.983499e-03
3.862880e-01 3.890472e-01 3.918064e-01 5.043503e-03
3.918064e-01 3.945656e-01 3.973248e-01 5.102373e-03
3.973248e-01 4.000840e-01 4.028432e-01 5.160108e-03
4.028432e-01 4.056024e-01 4.083616e-01 5.216709e-03
4.083616e-01 4.111208e-01 4.138800e-01 5.272175e-03
4.138800e-01 4.166392e-01 4.193984e-01 5.326506e-03
4.193984e-01 4.221576e-01 4.249168e-01 5.379702e-03
4.249168e-01 4.276760e-01 4.304352e-01 5.431764e-03
4.304352e-01 4.331944e-01 4.359536e-01 5.482690e-03
4.359536e-01 4.387128e-01 4.414720e-01 5.532482e-03
4.414720e-01 4.442312e-01 4.469904e-01 5.581140e-03
4.469904e-01 4.497496e-01 4.525088e-01 5.628662e-03
4.525088e-01 4.552680e-01 4.580272e-01 5.669680e-03
4.580272e-01 4.607864e-01 4.635456e-01 5.702951e-03
4.635456e-01 4.663048e-01 4.690640e-01 5.734856e-03
4.690640e-01 4.718232e-01 4.745824e-01 5.765397e-03
4.745824e-01 4.773416e-01 4.801008e-01 5.794571e-03
4.801008e-01 4.828600e-01 4.856192e-01 5.822380e-03
4.856192e-01 4.883784e-01 4.911376e-01 5.848824e-03
4.911376e-01 4.938968e-01 4.966560e-01 5.873902e-03
4.966560e-01 4.994152e-01 5.021744e-01 5.897615e-03
5.021744e-01 5.049336e-01 5.076928e-01 5.919962e-03
5.076928e-01 5.104520e-01 5.132112e-01 5.940944e-03
5.132112e-01 5.159704e-01 5.187296e-01 5.960561e-03
5.187296e-01 5.214888e-01 5.242480e-01 5.978811e-03
5.242480e-01 5.270072e-01 5.297664e-01 5.995697e-03
5.297664e-01 5.325256e-01 5.352848e-01 6.011216e-03
5.352848e-01 5.380440e-01 5.408032e-01 6.025371e-03
5.408032e-01 5.435624e-01 5.463216e-01 6.038159e-03
5.463216e-01 5.490808e-01 5.518400e-01 6.049583e-03
5.518400e-01 5.545992e-01 5.573584e-01 6.059068e-03
5.573584e-01 5.601176e-01 5.628768e-01 6.066099e-03
5.628768e-01 5.656360e-01 5.683952e-01 6.071848e-03
5.683952e-01 5.711544e-01 5.739136e-01 6.076316e-03
5.739136e-01 5.766728e-01 5.794320e-01 6.079503e-03
5.794320e-01 5.821912e-01 5.849504e-01 6.081409e-03
5.849504e-01 5.877096e-01 5.904688e-01 6.082034e-03
5.904688e-01 5.932280e-01 5.959872e-01 6.081378e-03
5.959872e-01 5.987464e-01 6.015056e-01 6.079440e-03
6.015056e-01 6.042648e-01 6.070240e-01 6.076222e-03
6.070240e-01 6.097832e-01 6.125424e-01 6.071722e-03
6.125424e-01 6.153016e-01 6.180608e-01 6.065941e-03
6.180608e-01 6.208200e-01 6.235792e-01 6.058880e-03
6.235792e-01 6.263384e-01 6.290976e-01 6.050537e-03
6.290976e-01 6.318568e-01 6.346160e-01 6.040913e-03
6.346160e-01 6.373752e-01 6.401344e-01 6.030008e-03
6.401344e-01 6.428936e-01 6.456528e-01 6.017821e-03
6.456528e-01 6.484120e-01 6.511712e-01 6.004354e-03
6.511712e-01 6.539304e-01 6.566896e-01 5.990679e-03
6.566896e-01 6.594488e-01 6.622080e-01 5.979823e-03
6.622080e-01 6.649672e-01 6.677264e-01 5.967883e-03
6.677264e-01 6.704856e-01 6.732448e-01 5.954856e-03
6.732448e-01 6.760040e-01 6.787632e-01 5.940744e-03
6.787632e-01 6.815224e-01 6.842816e-01 5.925545e-03
6.842816e-01 6.870408e-01 6.898000e-01 5.909260e-03
6.898000e-01 6.925592e-01 6.953184e-01 5.891889e-03
6.953184e-01 6.980776e-01 7.008368e-01 5.873433e-03
7.008368e-01 7.035960e-01 7.063552e-01 5.853890e-03
7.063552e-01 7.091144e-01 7.118736e-01 5.833261e-03
7.118736e-01 7.146328e-01 7.173920e-01 5.811547e-03
7.173920e-01 7.201512e-01 7.229104e-01 5.788746e-03
7.229104e-01 7.256696e-01 7.284288e-01 5.764859e-03
7.284288e-01 7.311880e-01 7.339472e-01 5.739886e-03
7.339472e-01 7.367064e-01 7.394656e-01 5.713828e-03
7.394656e-01 7.422248e-01 7.449840e-01 5.686683e-03
7.449840e-01 7.477432e-01 7.505024e-01 5.658452e-03
7.505024e-01 7.532616e-01 7.560208e-01 5.629934e-03
7.560208e-01 7.587800e-01 7.615392e-01 5.608430e-03
7.615392e-01 7.642984e-01 7.670576e-01 5.586052e-03
7.670576e-01 7.698168e-01 7.725760e-01 5.562801e-03
7.725760e-01 7.753352e-01 7.780944e-01 5.538677e-03
7.780944e-01 7.808536e-01 7.836128e-01 5.513680e-03
7.836128e-01 7.863720e-01 7.891312e-01 5.487810e-03
7.891312e-01 7.918904e-01 7.946496e-01 5.461067e-03
7.946496e-01 7.974088e-01 8.001680e-01 5.433451e-03
8.001680e-01 8.029272e-01 8.056864e-01 5.404962e-03
8.056864e-01 8.084456e-01 8.112048e-01 5.375600e-03
8.112048e-01 8.139640e-01 8.167232e-01 5.345365e-03
8.167232e-01 8.194824e-01 8.222416e-01 5.314256e-03
8.222416e-01 8.250008e-01 8.277600e-01 5.282275e-03
8.277600e-01 8.305192e-01 8.332784e-01 5.249420e-03
8.332784e-01 8.360376e-01 8.387968e-01 5.215692e-03
8.387968e-01 8.415560e-01 8.443152e-01 5.181092e-03
8.443152e-01 8.470744e-01 8.498336e-01 5.145618e-03
8.498336e-01 8.525928e-01 8.553520e-01 5.109271e-03
8.553520e-01 8.581112e-01 8.608704e-01 5.082156e-03
8.608704e-01 8.636296e-01 8.663888e-01 5.054674e-03
8.663888e-01 8.691480e-01 8.719072e-01 5.026512e-03
8.719072e-01 8.746664e-01 8.774256e-01 4.997670e-03
8.774256e-01 8.801848e-01 8.829440e-01 4.968148e-03
8.829440e-01 8.857032e-01 8.884624e-01 4.937947e-03
8.884624e-01 8.912216e-01 8.939808e-01 4.907066e-03
8.939808e-01 8.967400e-01 8.994992e-01 4.875505e-03
8.994992e-01 9.022584e-01 9.050176e-01 4.843264e-03
9.050176e-01 9.077768e-01 9.105360e-01 4.810343e-03
9.105360e-01 9.132952e-01 9.160544e-01 4.776743e-03
9.160544e-01 9.188136e-01 9.215728e-01 4.742463e-03
9.215728e-01 9.243320e-01 9.270912e-01 4.707503e-03
9.270912e-01 9.298504e-01 9.326096e-01 4.671863e-03
9.326096e-01 9.353688e-01 9.381280e-01 4.635543e-03
9.381280e-01 9.408872e-01 9.436464e-01 4.598544e-03
9.436464e-01 9.464056e-01 9.491648e-01 4.560865e-03
9.491648e-01 9.519240e-01 9.546832e-01 4.522506e-03
9.546832e-01 9.574424e-01 9.602016e-01 4.473222e-03
9.602016e-01 9.629608e-01 9.657200e-01 4.422055e-03
9.657200e-01 9.684792e-01 9.712384e-01 4.370890e-03
9.712384e-01 9.739976e-01 9.767568e-01 4.319724e-03
9.767568e-01 9.795160e-01 9.822752e-01 4.268558e-03
9.822752e-01 9.850344e-01 9.877936e-01 4.217392e-03
9.877936e-01 9.905528e-01 9.933120e-01 4.166225e-03
9.933120e-01 9.960712e-01 9.988304e-01 4.115059e-03
9.988304e-01 1.001590e+00 1.004349e+00 4.063893e-03
1.004349e+00 1.007108e+00 1.009867e+00 4.012727e-03
1.009867e+00 1.012626e+00 1.015386e+00 3.961562e-03
1.015386e+00 1.018145e+00 1.020904e+00 3.910395e-03
1.020904e+00 1.023663e+00 1.026422e+00 3.859229e-03
1.026422e+00 1.029182e+00 1.031941e+00 3.808063e-03
1.031941e+00 1.034700e+00 1.037459e+00 3.756898e-03
1.037459e+00 1.040218e+00 1.042978e+00 3.705731e-03
1.042978e+00 1.045737e+00 1.048496e+00 3.654565e-03
1.048496e+00 1.051255e+00 1.054014e+00 3.603399e-03
1.054014e+00 1.056774e+00 1.059533e+00 3.559603e-03
1.059533e+00 1.062292e+00 1.065051e+00 3.518572e-03
1.065051e+00 1.067810e+00 1.070570e+00 3.477540e-03
1.070570e+00 1.073329e+00 1.076088e+00 3.436508e-03
1.076088e+00 1.078847e+00 1.081606e+00 3.395476e-03
1.081606e+00 1.084366e+00 1.087125e+00 3.354445e-03
1.087125e+00 1.089884e+00 1.092643e+00 3.313413e-03
1.092643e+00 1.095402e+00 1.098162e+00 3.272382e-03
1.098162e+00 1.100921e+00 1.103680e+00 3.231350e-03
1.103680e+00 1.106439e+00 1.109198e+00 3.190317e-03
1.109198e+00 1.111958e+00 1.114717e+00 3.149286e-03
1.114717e+00 1.117476e+00 1.120235e+00 3.108254e-03
1.120235e+00 1.122994e+00 1.125754e+00 3.067223e-03
1.125754e+00 1.128513e+00 1.131272e+00 3.026190e-03
1.131272e+00 1.134031e+00 1.136790e+00 2.985159e-03
1.136790e+00 1.139550e+00 1.142309e+00 2.944127e-03
1.142309e+00 1.145068e+00 1.147827e+00 2.903096e-03
1.147827e+00 1.150586e+00 1.153346e+00 2.862063e-03
1.153346e+00 1.156105e+00 1.158864e+00 2.826092e-03
1.158864e+00 1.161623e+00 1.164382e+00 2.793411e-03
1.164382e+00 1.167142e+00 1.169901e+00 2.760729e-03
1.169901e+00 1.172660e+00 1.175419e+00 2.728047e-03
1.175419e+00 1.178178e+00 1.180938e+00 2.695365e-03
1.180938e+00 1.183697e+00 1.186456e+00 2.662683e-03
1.186456e+00 1.189215e+00 1.191974e+00 2.630001e-03
1.191974e+00 1.194734e+00 1.197493e+00 2.597320e-03
1.197493e+00 1.200252e+00 1.203011e+00 2.564638e-03
1.203011e+00 1.205770e+00 1.208530e+00 2.531956e-03
1.208530e+00 1.211289e+00 1.214048e+00 2.499274e-03
1.214048e+00 1.216807e+00 1.219566e+00 2.466592e-03
1.219566e+00 1.222326e+00 1.225085e+00 2.433911e-03
1.225085e+00 1.227844e+00 1.230603e+00 2.401229e-03
1.230603e+00 1.233362e+00 1.236122e+00 2.368547e-03
1.236122e+00 1.238881e+00 1.241640e+00 2.335865e-03
1.241640e+00 1.244399e+00 1.247158e+00 2.303183e-03
1.247158e+00 1.249918e+00 1.252677e+00 2.270501e-03
1.252677e+00 1.255436e+00 1.258195e+00 2.241098e-03
1.258195e+00 1.260954e+00 1.263714e+00 2.215178e-03
1.263714e+00 1.266473e+00 1.269232e+00 2.189257e-03
1.269232e+00 1.271991e+00 1.274750e+00 2.163338e-03
1.274750e+00 1.277510e+00 1.280269e+00 2.137418e-03
1.280269e+00 1.283028e+00 1.285787e+00 2.111498e-03
1.285787e+00 1.288546e+00 1.291306e+00 2.085578e-03
1.291306e+00 1.294065e+00 1.296824e+00 2.059657e-03
1.296824e+00 1.299583e+00 1.302342e+00 2.033737e-03
1.302342e+00 1.305102e+00 1.307861e+00 2.007817e-03
1.307861e+00 1.310620e+00 1.313379e+00 1.981897e-03
1.313379e+00 1.316138e+00 1.318898e+00 1.955977e-03
1.318898e+00 1.321657e+00 1.324416e+00 1.930057e-03
1.324416e+00 1.327175e+00 1.329934e+00 1.904137e-03
1.329934e+00 1.332694e+00 1.335453e+00 1.878217e-03
1.335453e+00 1.338212e+00 1.340971e+00 1.852297e-03
1.340971e+00 1.343730e+00 1.346490e+00 1.826377e-03
1.346490e+00 1.349249e+00 1.352008e+00 1.800456e-03
1.352008e+00 1.354767e+00 1.357526e+00 1.776506e-03
1.357526e+00 1.360286e+00 1.363045e+00 1.756001e-03
1.363045e+00 1.365804e+00 1.368563e+00 1.735496e-03
1.368563e+00 1.371322e+00 1.374082e+00 1.714992e-03
1.374082e+00 1.376841e+00 1.379600e+00 1.694487e-03
1.379600e+00 1.382359e+00 1.385118e+00 1.673982e-03
1.385118e+00 1.387878e+00 1.390637e+00 1.653477e-03
1.390637e+00 1.393396e+00 1.396155e+00 1.632973e-03
1.396155e+00 1.398914e+00 1.401674e+00 1.612468e-03
1.401674e+00 1.404433e+00 1.407192e+00 1.591963e-03
1.407192e+00 1.409951e+00 1.412710e+00 1.571458e-03
1.412710e+00 1.415470e+00 1.418229e+00 1.550954e-03
1.418229e+00 1.420988e+00 1.423747e+00 1.530449e-03
1.423747e+00 1.426506e+00 1.429266e+00 1.509945e-03
1.429266e+00 1.432025e+00 1.434784e+00 1.489440e-03
1.434784e+00 1.437543e+00 1.440302e+00 1.468935e-03
1.440302e+00 1.443062e+00 1.445821e+00 1.448430e-03
1.445821e+00 1.448580e+00 1.451339e+00 1.427925e-03
1.451339e+00 1.454098e+00 1.456858e+00 1.408465e-03
1.456858e+00 1.459617e+00 1.462376e+00 1.392266e-03
1.462376e+00 1.465135e+00 1.467894e+00 1.376068e-03
1.467894e+00 1.470654e+00 1.473413e+00 1.359870e-03
1.473413e+00 1.476172e+00 1.478931e+00 1.343671e-03
1.478931e+00 1.481690e+00 1.484450e+00 1.327473e-03
1.484450e+00 1.487209e+00 1.489968e+00 1.311274e-03
1.489968e+00 1.492727e+00 1.495486e+00 1.295076e-03
1.495486e+00 1.498246e+00 1.501005e+00 1.278878e-03
1.501005e+00 1.503764e+00 1.506523e+00 1.262680e-03
1.506523e+00 1.509282e+00 1.512042e+00 1.246481e-03
1.512042e+00 1.514801e+00 1.517560e+00 1.230283e-03
1.517560e+00 1.520319e+00 1.523078e+00 1.214084e-03
1.523078e+00 1.525838e+00 1.528597e+00 1.197886e-03
1.528597e+00 1.531356e+00 1.534115e+00 1.181688e-03
1.534115e+00 1.536874e+00 1.539634e+00 1.165489e-03
1.539634e+00 1.542393e+00 1.545152e+00 1.149291e-03
1.545152e+00 1.547911e+00 1.550670e+00 1.133092e-03
1.550670e+00 1.553430e+00 1.556189e+00 1.117307e-03
1.556189e+00 1.558948e+00 1.561707e+00 1.104518e-03
1.561707e+00 1.564466e+00 1.567226e+00 1.091729e-03
1.567226e+00 1.569985e+00 1.572744e+00 1.078939e-03
1.572744e+00 1.575503e+00 1.578262e+00 1.066150e-03
1.578262e+00 1.581022e+00 1.583781e+00 1.053361e-03
1.583781e+00 1.586540e+00 1.589299e+00 1.040572e-03
1.589299e+00 1.592058e+00 1.594818e+00 1.027783e-03
1.594818e+00 1.597577e+00 1.600336e+00 1.014993e-03
1.600336e+00 1.603095e+00 1.605854e+00 1.002204e-03
1.605854e+00 1.608614e+00 1.611373e+00 9.894150e-04
1.611373e+00 1.614132e+00 1.616891e+00 9.766260e-04
1.616891e+00 1.619650e+00 1.622410e+00 9.638366e-04
1.622410e+00 1.625169e+00 1.627928e+00 9.510473e-04
1.627928e+00 1.630687e+00 1.633446e+00 9.382579e-04
1.633446e+00 1.636206e+00 1.638965e+00 9.254689e-04
1.638965e+00 1.641724e+00 1.644483e+00 9.126795e-04
1.644483e+00 1.647242e+00 1.650002e+00 8.998905e-04
1.650002e+00 1.652761e+00 1.655520e+00 8.871012e-04
