0.000000e+00 1.000000e-02 2.000000e-02 7.177612e-02
2.000000e-02 3.000000e-02 4.000000e-02 5.435615e-01
4.000000e-02 5.000000e-02 6.000000e-02 1.243643e+00
6.000000e-02 7.000000e-02 8.000000e-02 1.981177e+00
8.000000e-02 9.000000e-02 1.000000e-01 2.635563e+00
1.000000e-01 1.100000e-01 1.200000e-01 3.143101e+00
1.200000e-01 1.300000e-01 1.400000e-01 3.481068e+00
1.400000e-01 1.500000e-01 1.600000e-01 3.653554e+00
1.600000e-01 1.700000e-01 1.800000e-01 3.680290e+00
1.800000e-01 1.900000e-01 2.000000e-01 3.588495e+00
2.000000e-01 2.100000e-01 2.200000e-01 3.407343e+00
2.200000e-01 2.300000e-01 2.400000e-01 3.164502e+00
2.400000e-01 2.500000e-01 2.600000e-01 2.884216e+00
2.600000e-01 2.700000e-01 2.800000e-01 2.586457e+00
2.800000e-01 2.900000e-01 3.000000e-01 2.286798e+00
3.000000e-01 3.100000e-01 3.200000e-01 1.996702e+00
3.200000e-01 3.300000e-01 3.400000e-01 1.724052e+00
3.400000e-01 3.500000e-01 3.600000e-01 1.473767e+00
3.600000e-01 3.700000e-01 3.800000e-01 1.248416e+00
3.800000e-01 3.900000e-01 4.000000e-01 1.048799e+00
4.000000e-01 4.100000e-01 4.200000e-01 8.744344e-01
4.200000e-01 4.300000e-01 4.400000e-01 7.239755e-01
4.400000e-01 4.500000e-01 4.600000e-01 5.955363e-01
4.600000e-01 4.700000e-01 4.800000e-01 4.869439e-01
4.800000e-01 4.900000e-01 5.000000e-01 3.959234e-01
5.000000e-01 5.100000e-01 5.200000e-01 3.202290e-01
5.200000e-01 5.300000e-01 5.400000e-01 2.577309e-01
5.400000e-01 5.500000e-01 5.600000e-01 2.064682e-01
5.600000e-01 5.700000e-01 5.800000e-01 1.646770e-01
5.800000e-01 5.900000e-01 6.000000e-01 1.308001e-01
