0.000000e+00 1.000000e-02 2.000000e-02 1.029597e+00
2.000000e-02 3.000000e-02 4.000000e-02 4.216975e+00
4.000000e-02 5.000000e-02 6.000000e-02 6.039017e+00
6.000000e-02 7.000000e-02 8.000000e-02 6.486539e+00
8.000000e-02 9.000000e-02 1.000000e-01 6.113090e+00
1.000000e-01 1.100000e-01 1.200000e-01 5.358118e+00
1.200000e-01 1.300000e-01 1.400000e-01 4.490335e+00
1.400000e-01 1.500000e-01 1.600000e-01 3.652805e+00
1.600000e-01 1.700000e-01 1.800000e-01 2.910680e+00
1.800000e-01 1.900000e-01 2.000000e-01 2.285111e+00
2.000000e-01 2.100000e-01 2.200000e-01 1.774454e+00
2.200000e-01 2.300000e-01 2.400000e-01 1.366648e+00
2.400000e-01 2.500000e-01 2.600000e-01 1.046024e+00
2.600000e-01 2.700000e-01 2.800000e-01 7.968083e-01
2.800000e-01 2.900000e-01 3.000000e-01 6.047467e-01
3.000000e-01 3.100000e-01 3.200000e-01 4.576874e-01
3.200000e-01 3.300000e-01 3.400000e-01 3.456427e-01
3.400000e-01 3.500000e-01 3.600000e-01 2.606008e-01
3.600000e-01 3.700000e-01 3.800000e-01 1.962435e-01
3.800000e-01 3.900000e-01 4.000000e-01 1.476493e-01
4.000000e-01 4.100000e-01 4.200000e-01 1.110204e-01
4.200000e-01 4.300000e-01 4.400000e-01 8.344618e-02
4.400000e-01 4.500000e-01 4.600000e-01 6.270781e-02
4.600000e-01 4.700000e-01 4.800000e-01 4.712096e-02
4.800000e-01 4.900000e-01 5.000000e-01 3.541103e-02
5.000000e-01 5.100000e-01 5.200000e-01 2.661585e-02
5.200000e-01 5.300000e-01 5.400000e-01 2.001047e-02
5.400000e-01 5.500000e-01 5.600000e-01 1.504947e-02
5.600000e-01 5.700000e-01 5.800000e-01 1.132293e-02
5.800000e-01 5.900000e-01 6.000000e-01 8.522987e-03
