0.000000e+00 6.670000e-03 1.333000e-02 4.239345e-03
1.333000e-02 2.000000e-02 2.667000e-02 5.406576e-03
2.667000e-02 3.333000e-02 4.000000e-02 7.250535e-03
4.000000e-02 4.667000e-02 5.333000e-02 3.417189e-02
5.333000e-02 6.000000e-02 6.667000e-02 7.760661e-02
6.667000e-02 7.333000e-02 8.000000e-02 1.194274e-01
8.000000e-02 8.667000e-02 9.333000e-02 1.592821e-01
9.333000e-02 1.000000e-01 1.066700e-01 1.980593e-01
1.066700e-01 1.133300e-01 1.200000e-01 2.353209e-01
1.200000e-01 1.266700e-01 1.333300e-01 2.708424e-01
1.333300e-01 1.400000e-01 1.466700e-01 3.049119e-01
1.466700e-01 1.533300e-01 1.600000e-01 3.376004e-01
1.600000e-01 1.666700e-01 1.733300e-01 3.688770e-01
1.733300e-01 1.800000e-01 1.866700e-01 3.986632e-01
1.866700e-01 1.933300e-01 2.000000e-01 4.269421e-01
2.000000e-01 2.066700e-01 2.133300e-01 4.540992e-01
2.133300e-01 2.200000e-01 2.266700e-01 4.801574e-01
2.266700e-01 2.333300e-01 2.400000e-01 5.047898e-01
2.400000e-01 2.466700e-01 2.533300e-01 5.278458e-01
2.533300e-01 2.600000e-01 2.666700e-01 5.497609e-01
2.666700e-01 2.733300e-01 2.800000e-01 5.706354e-01
2.800000e-01 2.866700e-01 2.933300e-01 5.905496e-01
2.933300e-01 3.000000e-01 3.066700e-01 6.089816e-01
3.066700e-01 3.133300e-01 3.200000e-01 6.262642e-01
3.200000e-01 3.266700e-01 3.333300e-01 6.424891e-01
3.333300e-01 3.400000e-01 3.466700e-01 6.577877e-01
3.466700e-01 3.533300e-01 3.600000e-01 6.717149e-01
3.600000e-01 3.666700e-01 3.733300e-01 6.847087e-01
3.733300e-01 3.800000e-01 3.866700e-01 6.966332e-01
3.866700e-01 3.933300e-01 4.000000e-01 7.078727e-01
4.000000e-01 4.066700e-01 4.133300e-01 7.177718e-01
4.133300e-01 4.200000e-01 4.266700e-01 7.269112e-01
4.266700e-01 4.333300e-01 4.400000e-01 7.350571e-01
4.400000e-01 4.466700e-01 4.533300e-01 7.422206e-01
4.533300e-01 4.600000e-01 4.666700e-01 7.486294e-01
4.666700e-01 4.733300e-01 4.800000e-01 7.542945e-01
4.800000e-01 4.866700e-01 4.933300e-01 7.589709e-01
4.933300e-01 5.000000e-01 5.066700e-01 7.630568e-01
5.066700e-01 5.133300e-01 5.200000e-01 7.661176e-01
5.200000e-01 5.266700e-01 5.333300e-01 7.687271e-01
5.333300e-01 5.400000e-01 5.466700e-01 7.704776e-01
5.466700e-01 5.533300e-01 5.600000e-01 7.714697e-01
5.600000e-01 5.666700e-01 5.733300e-01 7.720105e-01
5.733300e-01 5.800000e-01 5.866700e-01 7.714270e-01
5.866700e-01 5.933300e-01 6.000000e-01 7.708429e-01
6.000000e-01 6.066700e-01 6.133300e-01 7.695408e-01
6.133300e-01 6.200000e-01 6.266700e-01 7.673181e-01
6.266700e-01 6.333300e-01 6.400000e-01 7.649820e-01
6.400000e-01 6.466700e-01 6.533300e-01 7.621957e-01
6.533300e-01 6.600000e-01 6.666700e-01 7.586935e-01
6.666700e-01 6.733300e-01 6.800000e-01 7.547390e-01
6.800000e-01 6.866700e-01 6.933300e-01 7.505599e-01
6.933300e-01 7.000000e-01 7.066700e-01 7.458915e-01
7.066700e-01 7.133300e-01 7.200000e-01 7.409013e-01
7.200000e-01 7.266700e-01 7.333300e-01 7.356480e-01
7.333300e-01 7.400000e-01 7.466700e-01 7.303253e-01
7.466700e-01 7.533300e-01 7.600000e-01 7.242982e-01
7.600000e-01 7.666700e-01 7.733300e-01 7.181782e-01
7.733300e-01 7.800000e-01 7.866700e-01 7.119317e-01
7.866700e-01 7.933300e-01 8.000000e-01 7.054540e-01
8.000000e-01 8.066700e-01 8.133300e-01 6.986184e-01
8.133300e-01 8.200000e-01 8.266700e-01 6.919200e-01
8.266700e-01 8.333300e-01 8.400000e-01 6.849138e-01
8.400000e-01 8.466700e-01 8.533300e-01 6.779102e-01
8.533300e-01 8.600000e-01 8.666700e-01 6.709071e-01
8.666700e-01 8.733300e-01 8.800000e-01 6.639004e-01
8.800000e-01 8.866700e-01 8.933300e-01 6.565258e-01
8.933300e-01 9.000000e-01 9.066700e-01 6.494133e-01
9.066700e-01 9.133300e-01 9.200000e-01 6.419441e-01
9.200000e-01 9.266700e-01 9.333300e-01 6.347048e-01
9.333300e-01 9.400000e-01 9.466700e-01 6.274685e-01
9.466700e-01 9.533300e-01 9.600000e-01 6.199962e-01
9.600000e-01 9.666700e-01 9.733300e-01 6.128838e-01
9.733300e-01 9.800000e-01 9.866700e-01 6.055122e-01
9.866700e-01 9.933300e-01 1.000000e+00 5.985055e-01
1.000000e+00 1.006670e+00 1.013330e+00 5.910604e-01
1.013330e+00 1.020000e+00 1.026670e+00 5.840277e-01
1.026670e+00 1.033330e+00 1.040000e+00 5.772179e-01
1.040000e+00 1.046670e+00 1.053330e+00 5.704882e-01
1.053330e+00 1.060000e+00 1.066670e+00 5.634875e-01
1.066670e+00 1.073330e+00 1.080000e+00 5.570128e-01
1.080000e+00 1.086670e+00 1.093330e+00 5.505935e-01
1.093330e+00 1.100000e+00 1.106670e+00 5.441753e-01
1.106670e+00 1.113330e+00 1.120000e+00 5.381511e-01
1.120000e+00 1.126670e+00 1.133330e+00 5.323177e-01
1.133330e+00 1.140000e+00 1.146670e+00 5.264807e-01
1.146670e+00 1.153330e+00 1.160000e+00 5.209096e-01
1.160000e+00 1.166670e+00 1.173330e+00 5.156576e-01
1.173330e+00 1.180000e+00 1.186670e+00 5.104045e-01
1.186670e+00 1.193330e+00 1.200000e+00 5.052854e-01
1.200000e+00 1.206670e+00 1.213330e+00 5.003680e-01
1.213330e+00 1.220000e+00 1.226670e+00 4.954773e-01
1.226670e+00 1.233330e+00 1.240000e+00 4.903338e-01
1.240000e+00 1.246670e+00 1.253330e+00 4.856650e-01
1.253330e+00 1.260000e+00 1.266670e+00 4.809975e-01
1.266670e+00 1.273330e+00 1.280000e+00 4.763243e-01
1.280000e+00 1.286670e+00 1.293330e+00 4.712049e-01
1.293330e+00 1.300000e+00 1.306670e+00 4.664228e-01
1.306670e+00 1.313330e+00 1.320000e+00 4.613741e-01
1.320000e+00 1.326670e+00 1.333330e+00 4.563865e-01
1.333330e+00 1.340000e+00 1.346670e+00 4.511332e-01
1.346670e+00 1.353330e+00 1.360000e+00 4.458792e-01
1.360000e+00 1.366670e+00 1.373330e+00 4.404393e-01
1.373330e+00 1.380000e+00 1.386670e+00 4.346045e-01
1.386670e+00 1.393330e+00 1.400000e+00 4.287644e-01
1.400000e+00 1.406670e+00 1.413330e+00 4.228743e-01
1.413330e+00 1.420000e+00 1.426670e+00 4.164570e-01
1.426670e+00 1.433330e+00 1.440000e+00 4.097525e-01
1.440000e+00 1.446670e+00 1.453330e+00 4.027516e-01
1.453330e+00 1.460000e+00 1.466670e+00 3.952440e-01
1.466670e+00 1.473330e+00 1.480000e+00 3.876516e-01
1.480000e+00 1.486670e+00 1.493330e+00 3.798083e-01
1.493330e+00 1.500000e+00 1.506670e+00 3.716365e-01
1.506670e+00 1.513330e+00 1.520000e+00 3.634508e-01
1.520000e+00 1.526670e+00 1.533330e+00 3.548206e-01
1.533330e+00 1.540000e+00 1.546670e+00 3.464135e-01
1.546670e+00 1.553330e+00 1.560000e+00 3.373033e-01
1.560000e+00 1.566670e+00 1.573330e+00 3.284275e-01
1.573330e+00 1.580000e+00 1.586670e+00 3.195726e-01
1.586670e+00 1.593330e+00 1.600000e+00 3.104442e-01
1.600000e+00 1.606670e+00 1.613330e+00 3.013623e-01
1.613330e+00 1.620000e+00 1.626670e+00 2.924675e-01
1.626670e+00 1.633330e+00 1.640000e+00 2.836217e-01
1.640000e+00 1.646670e+00 1.653330e+00 2.744842e-01
1.653330e+00 1.660000e+00 1.666670e+00 2.660386e-01
1.666670e+00 1.673330e+00 1.680000e+00 2.574425e-01
1.680000e+00 1.686670e+00 1.693330e+00 2.492227e-01
1.693330e+00 1.700000e+00 1.706670e+00 2.410528e-01
1.706670e+00 1.713330e+00 1.720000e+00 2.331675e-01
1.720000e+00 1.726670e+00 1.733330e+00 2.255795e-01
1.733330e+00 1.740000e+00 1.746670e+00 2.180395e-01
1.746670e+00 1.753330e+00 1.760000e+00 2.111865e-01
1.760000e+00 1.766670e+00 1.773330e+00 2.047680e-01
1.773330e+00 1.780000e+00 1.786670e+00 1.987306e-01
1.786670e+00 1.793330e+00 1.800000e+00 1.929130e-01
1.800000e+00 1.806670e+00 1.813330e+00 1.876628e-01
1.813330e+00 1.820000e+00 1.826670e+00 1.826581e-01
1.826670e+00 1.833330e+00 1.840000e+00 1.783485e-01
1.840000e+00 1.846670e+00 1.853330e+00 1.742633e-01
1.853330e+00 1.860000e+00 1.866670e+00 1.702935e-01
1.866670e+00 1.873330e+00 1.880000e+00 1.667903e-01
1.880000e+00 1.886670e+00 1.893330e+00 1.632881e-01
1.893330e+00 1.900000e+00 1.906670e+00 1.602413e-01
1.906670e+00 1.913330e+00 1.920000e+00 1.573207e-01
1.920000e+00 1.926670e+00 1.933330e+00 1.546109e-01
1.933330e+00 1.940000e+00 1.946670e+00 1.522769e-01
1.946670e+00 1.953330e+00 1.960000e+00 1.499403e-01
1.960000e+00 1.966670e+00 1.973330e+00 1.476069e-01
1.973330e+00 1.980000e+00 1.986670e+00 1.452722e-01
1.986670e+00 1.993330e+00 2.000000e+00 1.432368e-01
2.000000e+00 2.006670e+00 2.013330e+00 1.410733e-01
2.013330e+00 2.020000e+00 2.026670e+00 1.392096e-01
2.026670e+00 2.033330e+00 2.040000e+00 1.370416e-01
2.040000e+00 2.046670e+00 2.053330e+00 1.350106e-01
2.053330e+00 2.060000e+00 2.066670e+00 1.326770e-01
2.066670e+00 2.073330e+00 2.080000e+00 1.308118e-01
2.080000e+00 2.086670e+00 2.093330e+00 1.284774e-01
2.093330e+00 2.100000e+00 2.106670e+00 1.258844e-01
2.106670e+00 2.113330e+00 2.120000e+00 1.233360e-01
2.120000e+00 2.126670e+00 2.133330e+00 1.205315e-01
2.133330e+00 2.140000e+00 2.146670e+00 1.180705e-01
2.146670e+00 2.153330e+00 2.160000e+00 1.149116e-01
2.160000e+00 2.166670e+00 2.173330e+00 1.117620e-01
2.173330e+00 2.180000e+00 2.186670e+00 1.088435e-01
2.186670e+00 2.193330e+00 2.200000e+00 1.054536e-01
2.200000e+00 2.206670e+00 2.213330e+00 1.023164e-01
2.213330e+00 2.220000e+00 2.226670e+00 9.881571e-02
2.226670e+00 2.233330e+00 2.240000e+00 9.575559e-02
2.240000e+00 2.246670e+00 2.253330e+00 9.228074e-02
2.253330e+00 2.260000e+00 2.266670e+00 8.878028e-02
2.266670e+00 2.273330e+00 2.280000e+00 8.527545e-02
2.280000e+00 2.286670e+00 2.293330e+00 8.177516e-02
2.293330e+00 2.300000e+00 2.306670e+00 7.833822e-02
2.306670e+00 2.313330e+00 2.320000e+00 7.524018e-02
2.320000e+00 2.326670e+00 2.333330e+00 7.173931e-02
2.333330e+00 2.340000e+00 2.346670e+00 6.864022e-02
2.346670e+00 2.353330e+00 2.360000e+00 6.525026e-02
2.360000e+00 2.366670e+00 2.373330e+00 6.217428e-02
2.373330e+00 2.380000e+00 2.386670e+00 5.894323e-02
2.386670e+00 2.393330e+00 2.400000e+00 5.602330e-02
2.400000e+00 2.406670e+00 2.413330e+00 5.310489e-02
2.413330e+00 2.420000e+00 2.426670e+00 5.032489e-02
2.426670e+00 2.433330e+00 2.440000e+00 4.798833e-02
2.440000e+00 2.446670e+00 2.453330e+00 4.529232e-02
2.453330e+00 2.460000e+00 2.466670e+00 4.285295e-02
2.466670e+00 2.473330e+00 2.480000e+00 4.098396e-02
2.480000e+00 2.486670e+00 2.493330e+00 3.865022e-02
2.493330e+00 2.500000e+00 2.506670e+00 3.665733e-02
2.506670e+00 2.513330e+00 2.520000e+00 3.490594e-02
2.520000e+00 2.526670e+00 2.533330e+00 3.315488e-02
2.533330e+00 2.540000e+00 2.546670e+00 3.140425e-02
2.546670e+00 2.553330e+00 2.560000e+00 2.965243e-02
2.560000e+00 2.566670e+00 2.573330e+00 2.833568e-02
2.573330e+00 2.580000e+00 2.586670e+00 2.669795e-02
2.586670e+00 2.593330e+00 2.600000e+00 2.552967e-02
2.600000e+00 2.606670e+00 2.613330e+00 2.436273e-02
2.613330e+00 2.620000e+00 2.626670e+00 2.319558e-02
2.626670e+00 2.633330e+00 2.640000e+00 2.202739e-02
2.640000e+00 2.646670e+00 2.653330e+00 2.102867e-02
2.653330e+00 2.660000e+00 2.666670e+00 2.016425e-02
2.666670e+00 2.673330e+00 2.680000e+00 1.899657e-02
2.680000e+00 2.686670e+00 2.693330e+00 1.833541e-02
2.693330e+00 2.700000e+00 2.706670e+00 1.760418e-02
2.706670e+00 2.713330e+00 2.720000e+00 1.669689e-02
2.720000e+00 2.726670e+00 2.733330e+00 1.611318e-02
2.733330e+00 2.740000e+00 2.746670e+00 1.505881e-02
2.746670e+00 2.753330e+00 2.760000e+00 1.447467e-02
2.760000e+00 2.766670e+00 2.773330e+00 1.389114e-02
2.773330e+00 2.780000e+00 2.786670e+00 1.330762e-02
2.786670e+00 2.793330e+00 2.800000e+00 1.272349e-02
2.800000e+00 2.806670e+00 2.813330e+00 1.214014e-02
2.813330e+00 2.820000e+00 2.826670e+00 1.155644e-02
2.826670e+00 2.833330e+00 2.840000e+00 1.097255e-02
2.840000e+00 2.846670e+00 2.853330e+00 1.038895e-02
2.853330e+00 2.860000e+00 2.866670e+00 1.027636e-02
2.866670e+00 2.873330e+00 2.880000e+00 9.692507e-03
2.880000e+00 2.886670e+00 2.893330e+00 9.108807e-03
2.893330e+00 2.900000e+00 2.906670e+00 8.525425e-03
2.906670e+00 2.913330e+00 2.920000e+00 8.412361e-03
2.920000e+00 2.926670e+00 2.933330e+00 7.828796e-03
2.933330e+00 2.940000e+00 2.946670e+00 7.245316e-03
2.946670e+00 2.953330e+00 2.960000e+00 7.065576e-03
2.960000e+00 2.966670e+00 2.973330e+00 6.548870e-03
2.973330e+00 2.980000e+00 2.986670e+00 6.123500e-03
2.986670e+00 2.993330e+00 3.000000e+00 5.852275e-03
3.000000e+00 3.006670e+00 3.013330e+00 5.268725e-03
3.013330e+00 3.020000e+00 3.026670e+00 5.156082e-03
3.026670e+00 3.033330e+00 3.040000e+00 4.572279e-03
3.040000e+00 3.046670e+00 3.053330e+00 4.239345e-03
3.053330e+00 3.060000e+00 3.066670e+00 3.876191e-03
3.066670e+00 3.073330e+00 3.080000e+00 3.763172e-03
3.080000e+00 3.086670e+00 3.093330e+00 3.179561e-03
3.093330e+00 3.100000e+00 3.106670e+00 2.826231e-03
3.106670e+00 3.113330e+00 3.120000e+00 2.483028e-03
3.120000e+00 3.126670e+00 3.133330e+00 1.899670e-03
3.133330e+00 3.140000e+00 3.146670e+00 1.413115e-03
3.146670e+00 3.153330e+00 3.160000e+00 1.203039e-03
3.160000e+00 3.166670e+00 3.173330e+00 6.195357e-04
3.173330e+00 3.180000e+00 3.186670e+00 4.710384e-04
3.186670e+00 3.193330e+00 3.200000e+00 4.710384e-04
3.200000e+00 3.206670e+00 3.213330e+00 4.710384e-04
3.213330e+00 3.220000e+00 3.226670e+00 4.710384e-04
3.226670e+00 3.233330e+00 3.240000e+00 4.710384e-04
3.240000e+00 3.246670e+00 3.253330e+00 4.710384e-04
3.253330e+00 3.260000e+00 3.266670e+00 4.710384e-04
3.266670e+00 3.273330e+00 3.280000e+00 4.710384e-04
3.280000e+00 3.286670e+00 3.293330e+00 4.710384e-04
3.293330e+00 3.300000e+00 3.306670e+00 4.710384e-04
3.306670e+00 3.313330e+00 3.320000e+00 4.710384e-04
3.320000e+00 3.326670e+00 3.333330e+00 4.710384e-04
3.333330e+00 3.340000e+00 3.346670e+00 4.710384e-04
3.346670e+00 3.353330e+00 3.360000e+00 4.710384e-04
3.360000e+00 3.366670e+00 3.373330e+00 4.710384e-04
3.373330e+00 3.380000e+00 3.386670e+00 4.710384e-04
3.386670e+00 3.393330e+00 3.400000e+00 4.710384e-04
3.400000e+00 3.406670e+00 3.413330e+00 4.710384e-04
3.413330e+00 3.420000e+00 3.426670e+00 4.710384e-04
3.426670e+00 3.433330e+00 3.440000e+00 4.710384e-04
3.440000e+00 3.446670e+00 3.453330e+00 4.710384e-04
3.453330e+00 3.460000e+00 3.466670e+00 4.710384e-04
3.466670e+00 3.473330e+00 3.480000e+00 4.710384e-04
3.480000e+00 3.486670e+00 3.493330e+00 4.710384e-04
3.493330e+00 3.500000e+00 3.506670e+00 4.710384e-04
3.506670e+00 3.513330e+00 3.520000e+00 4.710384e-04
3.520000e+00 3.526670e+00 3.533330e+00 4.710384e-04
3.533330e+00 3.540000e+00 3.546670e+00 4.710384e-04
3.546670e+00 3.553330e+00 3.560000e+00 4.710384e-04
3.560000e+00 3.566670e+00 3.573330e+00 4.710384e-04
3.573330e+00 3.580000e+00 3.586670e+00 4.710384e-04
3.586670e+00 3.593330e+00 3.600000e+00 4.710384e-04
3.600000e+00 3.606670e+00 3.613330e+00 4.710384e-04
3.613330e+00 3.620000e+00 3.626670e+00 4.710384e-04
3.626670e+00 3.633330e+00 3.640000e+00 4.710384e-04
3.640000e+00 3.646670e+00 3.653330e+00 4.710384e-04
3.653330e+00 3.660000e+00 3.666670e+00 4.710384e-04
3.666670e+00 3.673330e+00 3.680000e+00 4.710384e-04
3.680000e+00 3.686670e+00 3.693330e+00 4.710384e-04
3.693330e+00 3.700000e+00 3.706670e+00 4.710384e-04
3.706670e+00 3.713330e+00 3.720000e+00 4.710384e-04
3.720000e+00 3.726670e+00 3.733330e+00 4.710384e-04
3.733330e+00 3.740000e+00 3.746670e+00 4.710384e-04
3.746670e+00 3.753330e+00 3.760000e+00 4.710384e-04
3.760000e+00 3.766670e+00 3.773330e+00 4.710384e-04
3.773330e+00 3.780000e+00 3.786670e+00 4.710384e-04
3.786670e+00 3.793330e+00 3.800000e+00 4.710384e-04
3.800000e+00 3.806670e+00 3.813330e+00 4.710384e-04
3.813330e+00 3.820000e+00 3.826670e+00 4.710384e-04
3.826670e+00 3.833330e+00 3.840000e+00 4.710384e-04
3.840000e+00 3.846670e+00 3.853330e+00 4.710384e-04
3.853330e+00 3.860000e+00 3.866670e+00 4.710384e-04
3.866670e+00 3.873330e+00 3.880000e+00 4.710384e-04
3.880000e+00 3.886670e+00 3.893330e+00 4.710384e-04
3.893330e+00 3.900000e+00 3.906670e+00 4.710384e-04
3.906670e+00 3.913330e+00 3.920000e+00 4.710384e-04
3.920000e+00 3.926670e+00 3.933330e+00 4.710384e-04
3.933330e+00 3.940000e+00 3.946670e+00 4.710384e-04
3.946670e+00 3.953330e+00 3.960000e+00 4.710384e-04
3.960000e+00 3.966670e+00 3.973330e+00 4.710384e-04
3.973330e+00 3.980000e+00 3.986670e+00 4.710384e-04
3.986670e+00 3.993330e+00 4.000000e+00 4.710384e-04
