0.000000e+00 1.000000e-02 2.000000e-02 2.628516e-01
2.000000e-02 3.000000e-02 4.000000e-02 1.591944e+00
4.000000e-02 5.000000e-02 6.000000e-02 3.015166e+00
6.000000e-02 7.000000e-02 8.000000e-02 4.058753e+00
8.000000e-02 9.000000e-02 1.000000e-01 4.631071e+00
1.000000e-01 1.100000e-01 1.200000e-01 4.793396e+00
1.200000e-01 1.300000e-01 1.400000e-01 4.653172e+00
1.400000e-01 1.500000e-01 1.600000e-01 4.316930e+00
1.600000e-01 1.700000e-01 1.800000e-01 3.872474e+00
1.800000e-01 1.900000e-01 2.000000e-01 3.384892e+00
2.000000e-01 2.100000e-01 2.200000e-01 2.898532e+00
2.200000e-01 2.300000e-01 2.400000e-01 2.441052e+00
2.400000e-01 2.500000e-01 2.600000e-01 2.027687e+00
2.600000e-01 2.700000e-01 2.800000e-01 1.665000e+00
2.800000e-01 2.900000e-01 3.000000e-01 1.353850e+00
3.000000e-01 3.100000e-01 3.200000e-01 1.091617e+00
3.200000e-01 3.300000e-01 3.400000e-01 8.737744e-01
3.400000e-01 3.500000e-01 3.600000e-01 6.949525e-01
3.600000e-01 3.700000e-01 3.800000e-01 5.496269e-01
3.800000e-01 3.900000e-01 4.000000e-01 4.325284e-01
4.000000e-01 4.100000e-01 4.200000e-01 3.388670e-01
4.200000e-01 4.300000e-01 4.400000e-01 2.644307e-01
4.400000e-01 4.500000e-01 4.600000e-01 2.056051e-01
4.600000e-01 4.700000e-01 4.800000e-01 1.593472e-01
4.800000e-01 4.900000e-01 5.000000e-01 1.231326e-01
5.000000e-01 5.100000e-01 5.200000e-01 9.489278e-02
5.200000e-01 5.300000e-01 5.400000e-01 7.294989e-02
5.400000e-01 5.500000e-01 5.600000e-01 5.595464e-02
5.600000e-01 5.700000e-01 5.800000e-01 4.282981e-02
5.800000e-01 5.900000e-01 6.000000e-01 3.272088e-02
