0.000000e+00 6.670000e-03 1.333000e-02 3.603444e-03
1.333000e-02 2.000000e-02 2.667000e-02 4.446857e-03
2.667000e-02 3.333000e-02 4.000000e-02 5.418459e-03
4.000000e-02 4.667000e-02 5.333000e-02 1.207371e-02
5.333000e-02 6.000000e-02 6.667000e-02 4.394917e-02
6.667000e-02 7.333000e-02 8.000000e-02 7.494913e-02
8.000000e-02 8.667000e-02 9.333000e-02 1.049290e-01
9.333000e-02 1.000000e-01 1.066700e-01 1.337215e-01
1.066700e-01 1.133300e-01 1.200000e-01 1.618148e-01
1.200000e-01 1.266700e-01 1.333300e-01 1.890722e-01
1.333300e-01 1.400000e-01 1.466700e-01 2.152040e-01
1.466700e-01 1.533300e-01 1.600000e-01 2.404702e-01
1.600000e-01 1.666700e-01 1.733300e-01 2.648396e-01
1.733300e-01 1.800000e-01 1.866700e-01 2.883114e-01
1.866700e-01 1.933300e-01 2.000000e-01 3.109208e-01
2.000000e-01 2.066700e-01 2.133300e-01 3.326318e-01
2.133300e-01 2.200000e-01 2.266700e-01 3.534440e-01
2.266700e-01 2.333300e-01 2.400000e-01 3.733960e-01
2.400000e-01 2.466700e-01 2.533300e-01 3.928328e-01
2.533300e-01 2.600000e-01 2.666700e-01 4.113979e-01
2.666700e-01 2.733300e-01 2.800000e-01 4.290706e-01
2.800000e-01 2.866700e-01 2.933300e-01 4.458423e-01
2.933300e-01 3.000000e-01 3.066700e-01 4.617889e-01
3.066700e-01 3.133300e-01 3.200000e-01 4.772232e-01
3.200000e-01 3.266700e-01 3.333300e-01 4.918687e-01
3.333300e-01 3.400000e-01 3.466700e-01 5.059340e-01
3.466700e-01 3.533300e-01 3.600000e-01 5.191300e-01
3.600000e-01 3.666700e-01 3.733300e-01 5.316019e-01
3.733300e-01 3.800000e-01 3.866700e-01 5.434330e-01
3.866700e-01 3.933300e-01 4.000000e-01 5.546094e-01
4.000000e-01 4.066700e-01 4.133300e-01 5.650899e-01
4.133300e-01 4.200000e-01 4.266700e-01 5.749474e-01
4.266700e-01 4.333300e-01 4.400000e-01 5.840889e-01
4.400000e-01 4.466700e-01 4.533300e-01 5.926366e-01
4.533300e-01 4.600000e-01 4.666700e-01 6.007445e-01
4.666700e-01 4.733300e-01 4.800000e-01 6.080698e-01
4.800000e-01 4.866700e-01 4.933300e-01 6.148666e-01
4.933300e-01 5.000000e-01 5.066700e-01 6.212246e-01
5.066700e-01 5.133300e-01 5.200000e-01 6.267232e-01
5.200000e-01 5.266700e-01 5.333300e-01 6.317490e-01
5.333300e-01 5.400000e-01 5.466700e-01 6.363352e-01
5.466700e-01 5.533300e-01 5.600000e-01 6.404807e-01
5.600000e-01 5.666700e-01 5.733300e-01 6.440831e-01
5.733300e-01 5.800000e-01 5.866700e-01 6.470351e-01
5.866700e-01 5.933300e-01 6.000000e-01 6.497120e-01
6.000000e-01 6.066700e-01 6.133300e-01 6.518196e-01
6.133300e-01 6.200000e-01 6.266700e-01 6.535666e-01
6.266700e-01 6.333300e-01 6.400000e-01 6.548323e-01
6.400000e-01 6.466700e-01 6.533300e-01 6.556499e-01
6.533300e-01 6.600000e-01 6.666700e-01 6.560716e-01
6.666700e-01 6.733300e-01 6.800000e-01 6.559608e-01
6.800000e-01 6.866700e-01 6.933300e-01 6.555392e-01
6.933300e-01 7.000000e-01 7.066700e-01 6.551175e-01
7.066700e-01 7.133300e-01 7.200000e-01 6.540350e-01
7.200000e-01 7.266700e-01 7.333300e-01 6.524184e-01
7.333300e-01 7.400000e-01 7.466700e-01 6.507316e-01
7.466700e-01 7.533300e-01 7.600000e-01 6.490446e-01
7.600000e-01 7.666700e-01 7.733300e-01 6.465264e-01
7.733300e-01 7.800000e-01 7.866700e-01 6.439597e-01
7.866700e-01 7.933300e-01 8.000000e-01 6.410073e-01
8.000000e-01 8.066700e-01 8.133300e-01 6.379759e-01
8.133300e-01 8.200000e-01 8.266700e-01 6.346027e-01
8.266700e-01 8.333300e-01 8.400000e-01 6.311062e-01
8.400000e-01 8.466700e-01 8.533300e-01 6.273107e-01
8.533300e-01 8.600000e-01 8.666700e-01 6.235163e-01
8.666700e-01 8.733300e-01 8.800000e-01 6.195335e-01
8.800000e-01 8.866700e-01 8.933300e-01 6.151090e-01
8.933300e-01 9.000000e-01 9.066700e-01 6.107005e-01
9.066700e-01 9.133300e-01 9.200000e-01 6.062313e-01
9.200000e-01 9.266700e-01 9.333300e-01 6.015923e-01
9.333300e-01 9.400000e-01 9.466700e-01 5.966632e-01
9.466700e-01 9.533300e-01 9.600000e-01 5.919139e-01
9.600000e-01 9.666700e-01 9.733300e-01 5.869395e-01
9.733300e-01 9.800000e-01 9.866700e-01 5.818819e-01
9.866700e-01 9.933300e-01 1.000000e+00 5.768179e-01
1.000000e+00 1.006670e+00 1.013330e+00 5.717572e-01
1.013330e+00 1.020000e+00 1.026670e+00 5.667001e-01
1.026670e+00 1.033330e+00 1.040000e+00 5.615939e-01
1.040000e+00 1.046670e+00 1.053330e+00 5.561752e-01
1.053330e+00 1.060000e+00 1.066670e+00 5.510333e-01
1.066670e+00 1.073330e+00 1.080000e+00 5.456527e-01
1.080000e+00 1.086670e+00 1.093330e+00 5.404661e-01
1.093330e+00 1.100000e+00 1.106670e+00 5.351346e-01
1.106670e+00 1.113330e+00 1.120000e+00 5.299002e-01
1.120000e+00 1.126670e+00 1.133330e+00 5.246108e-01
1.133330e+00 1.140000e+00 1.146670e+00 5.193397e-01
1.146670e+00 1.153330e+00 1.160000e+00 5.140871e-01
1.160000e+00 1.166670e+00 1.173330e+00 5.090287e-01
1.173330e+00 1.180000e+00 1.186670e+00 5.036930e-01
1.186670e+00 1.193330e+00 1.200000e+00 4.985045e-01
1.200000e+00 1.206670e+00 1.213330e+00 4.934467e-01
1.213330e+00 1.220000e+00 1.226670e+00 4.887271e-01
1.226670e+00 1.233330e+00 1.240000e+00 4.837226e-01
1.240000e+00 1.246670e+00 1.253330e+00 4.786654e-01
1.253330e+00 1.260000e+00 1.266670e+00 4.740093e-01
1.266670e+00 1.273330e+00 1.280000e+00 4.693671e-01
1.280000e+00 1.286670e+00 1.293330e+00 4.647312e-01
1.293330e+00 1.300000e+00 1.306670e+00 4.601603e-01
1.306670e+00 1.313330e+00 1.320000e+00 4.559405e-01
1.320000e+00 1.326670e+00 1.333330e+00 4.517256e-01
1.333330e+00 1.340000e+00 1.346670e+00 4.475084e-01
1.346670e+00 1.353330e+00 1.360000e+00 4.434428e-01
1.360000e+00 1.366670e+00 1.373330e+00 4.396489e-01
1.373330e+00 1.380000e+00 1.386670e+00 4.358534e-01
1.386670e+00 1.393330e+00 1.400000e+00 4.320565e-01
1.400000e+00 1.406670e+00 1.413330e+00 4.285010e-01
1.413330e+00 1.420000e+00 1.426670e+00 4.248671e-01
1.426670e+00 1.433330e+00 1.440000e+00 4.213522e-01
1.440000e+00 1.446670e+00 1.453330e+00 4.176763e-01
1.453330e+00 1.460000e+00 1.466670e+00 4.142050e-01
1.466670e+00 1.473330e+00 1.480000e+00 4.108308e-01
1.480000e+00 1.486670e+00 1.493330e+00 4.074573e-01
1.493330e+00 1.500000e+00 1.506670e+00 4.040835e-01
1.506670e+00 1.513330e+00 1.520000e+00 4.003092e-01
1.520000e+00 1.526670e+00 1.533330e+00 3.969049e-01
1.533330e+00 1.540000e+00 1.546670e+00 3.931616e-01
1.546670e+00 1.553330e+00 1.560000e+00 3.897142e-01
1.560000e+00 1.566670e+00 1.573330e+00 3.859187e-01
1.573330e+00 1.580000e+00 1.586670e+00 3.821239e-01
1.586670e+00 1.593330e+00 1.600000e+00 3.783275e-01
1.600000e+00 1.606670e+00 1.613330e+00 3.743734e-01
1.613330e+00 1.620000e+00 1.626670e+00 3.701575e-01
1.626670e+00 1.633330e+00 1.640000e+00 3.659387e-01
1.640000e+00 1.646670e+00 1.653330e+00 3.617215e-01
1.653330e+00 1.660000e+00 1.666670e+00 3.572623e-01
1.666670e+00 1.673330e+00 1.680000e+00 3.526212e-01
1.680000e+00 1.686670e+00 1.693330e+00 3.476956e-01
1.693330e+00 1.700000e+00 1.706670e+00 3.426377e-01
1.706670e+00 1.713330e+00 1.720000e+00 3.372447e-01
1.720000e+00 1.726670e+00 1.733330e+00 3.317623e-01
1.733330e+00 1.740000e+00 1.746670e+00 3.262835e-01
1.746670e+00 1.753330e+00 1.760000e+00 3.204039e-01
1.760000e+00 1.766670e+00 1.773330e+00 3.144999e-01
1.773330e+00 1.780000e+00 1.786670e+00 3.085644e-01
1.786670e+00 1.793330e+00 1.800000e+00 3.022908e-01
1.800000e+00 1.806670e+00 1.813330e+00 2.963092e-01
1.813330e+00 1.820000e+00 1.826670e+00 2.898876e-01
1.826670e+00 1.833330e+00 1.840000e+00 2.832561e-01
1.840000e+00 1.846670e+00 1.853330e+00 2.769318e-01
1.853330e+00 1.860000e+00 1.866670e+00 2.704454e-01
1.866670e+00 1.873330e+00 1.880000e+00 2.638779e-01
1.880000e+00 1.886670e+00 1.893330e+00 2.573481e-01
1.893330e+00 1.900000e+00 1.906670e+00 2.508304e-01
1.906670e+00 1.913330e+00 1.920000e+00 2.444998e-01
1.920000e+00 1.926670e+00 1.933330e+00 2.379066e-01
1.933330e+00 1.940000e+00 1.946670e+00 2.314522e-01
1.946670e+00 1.953330e+00 1.960000e+00 2.254348e-01
1.960000e+00 1.966670e+00 1.973330e+00 2.191999e-01
1.973330e+00 1.980000e+00 1.986670e+00 2.132303e-01
1.986670e+00 1.993330e+00 2.000000e+00 2.073218e-01
2.000000e+00 2.006670e+00 2.013330e+00 2.014218e-01
2.013330e+00 2.020000e+00 2.026670e+00 1.959374e-01
2.026670e+00 2.033330e+00 2.040000e+00 1.904513e-01
2.040000e+00 2.046670e+00 2.053330e+00 1.850344e-01
2.053330e+00 2.060000e+00 2.066670e+00 1.800569e-01
2.066670e+00 2.073330e+00 2.080000e+00 1.754154e-01
2.080000e+00 2.086670e+00 2.093330e+00 1.709048e-01
2.093330e+00 2.100000e+00 2.106670e+00 1.666876e-01
2.106670e+00 2.113330e+00 2.120000e+00 1.626373e-01
2.120000e+00 2.126670e+00 2.133330e+00 1.588434e-01
2.133330e+00 2.140000e+00 2.146670e+00 1.552592e-01
2.146670e+00 2.153330e+00 2.160000e+00 1.521171e-01
2.160000e+00 2.166670e+00 2.173330e+00 1.491659e-01
2.173330e+00 2.180000e+00 2.186670e+00 1.462139e-01
2.186670e+00 2.193330e+00 2.200000e+00 1.435580e-01
2.200000e+00 2.206670e+00 2.213330e+00 1.410281e-01
2.213330e+00 2.220000e+00 2.226670e+00 1.384977e-01
2.226670e+00 2.233330e+00 2.240000e+00 1.363279e-01
2.240000e+00 2.246670e+00 2.253330e+00 1.342195e-01
2.253330e+00 2.260000e+00 2.266670e+00 1.321140e-01
2.266670e+00 2.273330e+00 2.280000e+00 1.304270e-01
2.280000e+00 2.286670e+00 2.293330e+00 1.287401e-01
2.293330e+00 2.300000e+00 2.306670e+00 1.270534e-01
2.306670e+00 2.313330e+00 2.320000e+00 1.253662e-01
2.320000e+00 2.326670e+00 2.333330e+00 1.236794e-01
2.333330e+00 2.340000e+00 2.346670e+00 1.221239e-01
2.346670e+00 2.353330e+00 2.360000e+00 1.207059e-01
2.360000e+00 2.366670e+00 2.373330e+00 1.191928e-01
2.373330e+00 2.380000e+00 2.386670e+00 1.177331e-01
2.386670e+00 2.393330e+00 2.400000e+00 1.162621e-01
2.400000e+00 2.406670e+00 2.413330e+00 1.147590e-01
2.413330e+00 2.420000e+00 2.426670e+00 1.130729e-01
2.426670e+00 2.433330e+00 2.440000e+00 1.116658e-01
2.440000e+00 2.446670e+00 2.453330e+00 1.100987e-01
2.453330e+00 2.460000e+00 2.466670e+00 1.084128e-01
2.466670e+00 2.473330e+00 2.480000e+00 1.063802e-01
2.480000e+00 2.486670e+00 2.493330e+00 1.046376e-01
2.493330e+00 2.500000e+00 2.506670e+00 1.025648e-01
2.506670e+00 2.513330e+00 2.520000e+00 1.008551e-01
2.520000e+00 2.526670e+00 2.533330e+00 9.871695e-02
2.533330e+00 2.540000e+00 2.546670e+00 9.623893e-02
2.546670e+00 2.553330e+00 2.560000e+00 9.412874e-02
2.560000e+00 2.566670e+00 2.573330e+00 9.192689e-02
2.573330e+00 2.580000e+00 2.586670e+00 8.951263e-02
2.586670e+00 2.593330e+00 2.600000e+00 8.726609e-02
2.600000e+00 2.606670e+00 2.613330e+00 8.473645e-02
2.613330e+00 2.620000e+00 2.626670e+00 8.238594e-02
2.626670e+00 2.633330e+00 2.640000e+00 8.007535e-02
2.640000e+00 2.646670e+00 2.653330e+00 7.754602e-02
2.653330e+00 2.660000e+00 2.666670e+00 7.501648e-02
2.666670e+00 2.673330e+00 2.680000e+00 7.248424e-02
2.680000e+00 2.686670e+00 2.693330e+00 6.995519e-02
2.693330e+00 2.700000e+00 2.706670e+00 6.742537e-02
2.706670e+00 2.713330e+00 2.720000e+00 6.522159e-02
2.720000e+00 2.726670e+00 2.733330e+00 6.276475e-02
2.733330e+00 2.740000e+00 2.746670e+00 6.023464e-02
2.746670e+00 2.753330e+00 2.760000e+00 5.809490e-02
2.760000e+00 2.766670e+00 2.773330e+00 5.558741e-02
2.773330e+00 2.780000e+00 2.786670e+00 5.344429e-02
2.786670e+00 2.793330e+00 2.800000e+00 5.096842e-02
2.800000e+00 2.806670e+00 2.813330e+00 4.886110e-02
2.813330e+00 2.820000e+00 2.826670e+00 4.675248e-02
2.826670e+00 2.833330e+00 2.840000e+00 4.464274e-02
2.840000e+00 2.846670e+00 2.853330e+00 4.267640e-02
2.853330e+00 2.860000e+00 2.866670e+00 4.098951e-02
2.866670e+00 2.873330e+00 2.880000e+00 3.911781e-02
2.880000e+00 2.886670e+00 2.893330e+00 3.721528e-02
2.893330e+00 2.900000e+00 2.906670e+00 3.575500e-02
2.906670e+00 2.913330e+00 2.920000e+00 3.424136e-02
2.920000e+00 2.926670e+00 2.933330e+00 3.255492e-02
2.933330e+00 2.940000e+00 2.946670e+00 3.115867e-02
2.946670e+00 2.953330e+00 2.960000e+00 2.989326e-02
2.960000e+00 2.966670e+00 2.973330e+00 2.862829e-02
2.973330e+00 2.980000e+00 2.986670e+00 2.736312e-02
2.986670e+00 2.993330e+00 3.000000e+00 2.609785e-02
3.000000e+00 3.006670e+00 3.013330e+00 2.483273e-02
3.013330e+00 3.020000e+00 3.026670e+00 2.396799e-02
3.026670e+00 3.033330e+00 3.040000e+00 2.274242e-02
3.040000e+00 3.046670e+00 3.053330e+00 2.189898e-02
3.053330e+00 3.060000e+00 3.066670e+00 2.105565e-02
3.066670e+00 3.073330e+00 3.080000e+00 2.021205e-02
3.080000e+00 3.086670e+00 3.093330e+00 1.936860e-02
3.093330e+00 3.100000e+00 3.106670e+00 1.852538e-02
3.106670e+00 3.113330e+00 3.120000e+00 1.784945e-02
3.120000e+00 3.126670e+00 3.133330e+00 1.723862e-02
3.133330e+00 3.140000e+00 3.146670e+00 1.639549e-02
3.146670e+00 3.153330e+00 3.160000e+00 1.578350e-02
3.160000e+00 3.166670e+00 3.173330e+00 1.536178e-02
3.173330e+00 3.180000e+00 3.186670e+00 1.466598e-02
3.186670e+00 3.193330e+00 3.200000e+00 1.411793e-02
3.200000e+00 3.206670e+00 3.213330e+00 1.369621e-02
3.213330e+00 3.220000e+00 3.226670e+00 1.293647e-02
3.226670e+00 3.233330e+00 3.240000e+00 1.245237e-02
3.240000e+00 3.246670e+00 3.253330e+00 1.203064e-02
3.253330e+00 3.260000e+00 3.266670e+00 1.160922e-02
3.266670e+00 3.273330e+00 3.280000e+00 1.118718e-02
3.280000e+00 3.286670e+00 3.293330e+00 1.076549e-02
3.293330e+00 3.300000e+00 3.306670e+00 1.034403e-02
3.306670e+00 3.313330e+00 3.320000e+00 9.921995e-03
3.320000e+00 3.326670e+00 3.333330e+00 9.500354e-03
3.333330e+00 3.340000e+00 3.346670e+00 9.078849e-03
3.346670e+00 3.353330e+00 3.360000e+00 8.808418e-03
3.360000e+00 3.366670e+00 3.373330e+00 8.635599e-03
3.373330e+00 3.380000e+00 3.386670e+00 8.214047e-03
3.386670e+00 3.393330e+00 3.400000e+00 7.792007e-03
3.400000e+00 3.406670e+00 3.413330e+00 7.370462e-03
3.413330e+00 3.420000e+00 3.426670e+00 7.206887e-03
3.426670e+00 3.433330e+00 3.440000e+00 6.927205e-03
3.440000e+00 3.446670e+00 3.453330e+00 6.505708e-03
3.453330e+00 3.460000e+00 3.466670e+00 6.084059e-03
3.466670e+00 3.473330e+00 3.480000e+00 6.005740e-03
3.480000e+00 3.486670e+00 3.493330e+00 5.640953e-03
3.493330e+00 3.500000e+00 3.506670e+00 5.219257e-03
3.506670e+00 3.513330e+00 3.520000e+00 5.197606e-03
3.520000e+00 3.526670e+00 3.533330e+00 4.776178e-03
3.533330e+00 3.540000e+00 3.546670e+00 4.404209e-03
3.546670e+00 3.553330e+00 3.560000e+00 4.332851e-03
3.560000e+00 3.566670e+00 3.573330e+00 3.911375e-03
3.573330e+00 3.580000e+00 3.586670e+00 3.603444e-03
3.586670e+00 3.593330e+00 3.600000e+00 3.468097e-03
3.600000e+00 3.606670e+00 3.613330e+00 3.203061e-03
3.613330e+00 3.620000e+00 3.626670e+00 3.025232e-03
3.626670e+00 3.633330e+00 3.640000e+00 2.603342e-03
3.640000e+00 3.646670e+00 3.653330e+00 2.402296e-03
3.653330e+00 3.660000e+00 3.666670e+00 2.160430e-03
3.666670e+00 3.673330e+00 3.680000e+00 1.738588e-03
3.680000e+00 3.686670e+00 3.693330e+00 1.316967e-03
3.693330e+00 3.700000e+00 3.706670e+00 1.201148e-03
3.706670e+00 3.713330e+00 3.720000e+00 8.738332e-04
3.720000e+00 3.726670e+00 3.733330e+00 4.521650e-04
3.733330e+00 3.740000e+00 3.746670e+00 4.003826e-04
3.746670e+00 3.753330e+00 3.760000e+00 4.003826e-04
3.760000e+00 3.766670e+00 3.773330e+00 4.003826e-04
3.773330e+00 3.780000e+00 3.786670e+00 4.003826e-04
3.786670e+00 3.793330e+00 3.800000e+00 4.003826e-04
3.800000e+00 3.806670e+00 3.813330e+00 4.003826e-04
3.813330e+00 3.820000e+00 3.826670e+00 4.003826e-04
3.826670e+00 3.833330e+00 3.840000e+00 4.003826e-04
3.840000e+00 3.846670e+00 3.853330e+00 4.003826e-04
3.853330e+00 3.860000e+00 3.866670e+00 4.003826e-04
3.866670e+00 3.873330e+00 3.880000e+00 4.003826e-04
3.880000e+00 3.886670e+00 3.893330e+00 4.003826e-04
3.893330e+00 3.900000e+00 3.906670e+00 4.003826e-04
3.906670e+00 3.913330e+00 3.920000e+00 4.003826e-04
3.920000e+00 3.926670e+00 3.933330e+00 4.003826e-04
3.933330e+00 3.940000e+00 3.946670e+00 4.003826e-04
3.946670e+00 3.953330e+00 3.960000e+00 4.003826e-04
3.960000e+00 3.966670e+00 3.973330e+00 4.003826e-04
3.973330e+00 3.980000e+00 3.986670e+00 4.003826e-04
3.986670e+00 3.993330e+00 4.000000e+00 4.003826e-04
