0.000000e+00 1.000000e-02 2.000000e-02 7.271844e-01
2.000000e-02 3.000000e-02 4.000000e-02 3.334055e+00
4.000000e-02 5.000000e-02 6.000000e-02 5.159736e+00
6.000000e-02 7.000000e-02 8.000000e-02 5.893271e+00
8.000000e-02 9.000000e-02 1.000000e-01 5.847052e+00
1.000000e-01 1.100000e-01 1.200000e-01 5.357418e+00
1.200000e-01 1.300000e-01 1.400000e-01 4.668384e+00
1.400000e-01 1.500000e-01 1.600000e-01 3.932011e+00
1.600000e-01 1.700000e-01 1.800000e-01 3.232729e+00
1.800000e-01 1.900000e-01 2.000000e-01 2.610930e+00
2.000000e-01 2.100000e-01 2.200000e-01 2.080529e+00
2.200000e-01 2.300000e-01 2.400000e-01 1.640725e+00
2.400000e-01 2.500000e-01 2.600000e-01 1.283371e+00
2.600000e-01 2.700000e-01 2.800000e-01 9.973540e-01
2.800000e-01 2.900000e-01 3.000000e-01 7.710503e-01
3.000000e-01 3.100000e-01 3.200000e-01 5.935866e-01
3.200000e-01 3.300000e-01 3.400000e-01 4.554018e-01
3.400000e-01 3.500000e-01 3.600000e-01 3.484077e-01
3.600000e-01 3.700000e-01 3.800000e-01 2.659402e-01
3.800000e-01 3.900000e-01 4.000000e-01 2.026117e-01
4.000000e-01 4.100000e-01 4.200000e-01 1.541268e-01
4.200000e-01 4.300000e-01 4.400000e-01 1.170979e-01
4.400000e-01 4.500000e-01 4.600000e-01 8.887531e-02
4.600000e-01 4.700000e-01 4.800000e-01 6.740024e-02
4.800000e-01 4.900000e-01 5.000000e-01 5.108157e-02
5.000000e-01 5.100000e-01 5.200000e-01 3.869480e-02
5.200000e-01 5.300000e-01 5.400000e-01 2.930085e-02
5.400000e-01 5.500000e-01 5.600000e-01 2.218163e-02
5.600000e-01 5.700000e-01 5.800000e-01 1.678929e-02
5.800000e-01 5.900000e-01 6.000000e-01 1.270664e-02
