5.490909e-01 5.600000e-01 5.709091e-01 6.221506e+00
5.709091e-01 5.818182e-01 5.927273e-01 6.237749e+00
5.927273e-01 6.036364e-01 6.145455e-01 6.245329e+00
6.145455e-01 6.254545e-01 6.363636e-01 6.244493e+00
6.363636e-01 6.472727e-01 6.581818e-01 6.235489e+00
6.581818e-01 6.690909e-01 6.800000e-01 6.218565e+00
6.800000e-01 6.909091e-01 7.018182e-01 6.193968e+00
7.018182e-01 7.127273e-01 7.236364e-01 6.161947e+00
7.236364e-01 7.345455e-01 7.454545e-01 6.122750e+00
7.454545e-01 7.563636e-01 7.672727e-01 6.076623e+00
7.672727e-01 7.781818e-01 7.890909e-01 6.023816e+00
7.890909e-01 8.000000e-01 8.109091e-01 5.964575e+00
8.109091e-01 8.218182e-01 8.327273e-01 5.899150e+00
8.327273e-01 8.436364e-01 8.545455e-01 5.827787e+00
8.545455e-01 8.654545e-01 8.763636e-01 5.750735e+00
8.763636e-01 8.872727e-01 8.981818e-01 5.668241e+00
8.981818e-01 9.090909e-01 9.200000e-01 5.580553e+00
9.200000e-01 9.309091e-01 9.418182e-01 5.487920e+00
9.418182e-01 9.527273e-01 9.636364e-01 5.390589e+00
9.636364e-01 9.745455e-01 9.854545e-01 5.288807e+00
9.854545e-01 9.963636e-01 1.007273e+00 5.182823e+00
1.007273e+00 1.018182e+00 1.029091e+00 5.072885e+00
1.029091e+00 1.040000e+00 1.050909e+00 4.959241e+00
1.050909e+00 1.061818e+00 1.072727e+00 4.842137e+00
1.072727e+00 1.083636e+00 1.094545e+00 4.721823e+00
1.094545e+00 1.105455e+00 1.116364e+00 4.598546e+00
1.116364e+00 1.127273e+00 1.138182e+00 4.472554e+00
1.138182e+00 1.149091e+00 1.160000e+00 4.344095e+00
1.160000e+00 1.170909e+00 1.181818e+00 4.213416e+00
1.181818e+00 1.192727e+00 1.203636e+00 4.080766e+00
1.203636e+00 1.214545e+00 1.225455e+00 3.946392e+00
1.225455e+00 1.236364e+00 1.247273e+00 3.810543e+00
1.247273e+00 1.258182e+00 1.269091e+00 3.673465e+00
1.269091e+00 1.280000e+00 1.290909e+00 3.535408e+00
1.290909e+00 1.301818e+00 1.312727e+00 3.396618e+00
1.312727e+00 1.323636e+00 1.334545e+00 3.257344e+00
1.334545e+00 1.345455e+00 1.356364e+00 3.117834e+00
1.356364e+00 1.367273e+00 1.378182e+00 2.978335e+00
1.378182e+00 1.389091e+00 1.400000e+00 2.839095e+00
1.400000e+00 1.410909e+00 1.421818e+00 2.700363e+00
1.421818e+00 1.432727e+00 1.443636e+00 2.562385e+00
1.443636e+00 1.454545e+00 1.465455e+00 2.425411e+00
1.465455e+00 1.476364e+00 1.487273e+00 2.289692e+00
1.487273e+00 1.498182e+00 1.509091e+00 2.155520e+00
1.509091e+00 1.520000e+00 1.530909e+00 2.023210e+00
1.530909e+00 1.541818e+00 1.552727e+00 1.893073e+00
1.552727e+00 1.563636e+00 1.574545e+00 1.765424e+00
1.574545e+00 1.585455e+00 1.596364e+00 1.640576e+00
1.596364e+00 1.607273e+00 1.618182e+00 1.518842e+00
1.618182e+00 1.629091e+00 1.640000e+00 1.400534e+00
1.640000e+00 1.650909e+00 1.661818e+00 1.285967e+00
1.661818e+00 1.672727e+00 1.683636e+00 1.175454e+00
1.683636e+00 1.694545e+00 1.705455e+00 1.069308e+00
1.705455e+00 1.716364e+00 1.727273e+00 9.678411e-01
1.727273e+00 1.738182e+00 1.749091e+00 8.713681e-01
1.749091e+00 1.760000e+00 1.770909e+00 7.802017e-01
1.770909e+00 1.781818e+00 1.792727e+00 6.946551e-01
1.792727e+00 1.803636e+00 1.814545e+00 6.150417e-01
1.814545e+00 1.825455e+00 1.836364e+00 5.416730e-01
1.836364e+00 1.847273e+00 1.858182e+00 4.746720e-01
1.858182e+00 1.869091e+00 1.880000e+00 4.137952e-01
1.880000e+00 1.890909e+00 1.901818e+00 3.587567e-01
1.901818e+00 1.912727e+00 1.923636e+00 3.092709e-01
1.923636e+00 1.934545e+00 1.945455e+00 2.650521e-01
1.945455e+00 1.956364e+00 1.967273e+00 2.258145e-01
1.967273e+00 1.978182e+00 1.989091e+00 1.912723e-01
1.989091e+00 2.000000e+00 2.010909e+00 1.611399e-01
2.010909e+00 2.021818e+00 2.032727e+00 1.351316e-01
2.032727e+00 2.043636e+00 2.054545e+00 1.129616e-01
2.054545e+00 2.065455e+00 2.076364e+00 9.434409e-02
2.076364e+00 2.087273e+00 2.098182e+00 7.899349e-02
2.098182e+00 2.109091e+00 2.120000e+00 6.662401e-02
2.120000e+00 2.130909e+00 2.141818e+00 5.694993e-02
2.141818e+00 2.152727e+00 2.163636e+00 4.968553e-02
2.163636e+00 2.174545e+00 2.185455e+00 4.454507e-02
2.185455e+00 2.196364e+00 2.207273e+00 4.124284e-02
2.207273e+00 2.218182e+00 2.229091e+00 3.949310e-02
2.229091e+00 2.240000e+00 2.250909e+00 3.901013e-02
2.250909e+00 2.261818e+00 2.272727e+00 3.950821e-02
2.272727e+00 2.283636e+00 2.294545e+00 4.070159e-02
2.294545e+00 2.305455e+00 2.316364e+00 4.230457e-02
2.316364e+00 2.327273e+00 2.338182e+00 4.403141e-02
2.338182e+00 2.349091e+00 2.360000e+00 4.559639e-02
2.360000e+00 2.370909e+00 2.381818e+00 4.671377e-02
2.381818e+00 2.392727e+00 2.403636e+00 4.709784e-02
2.403636e+00 2.414545e+00 2.425455e+00 4.646286e-02
2.425455e+00 2.436364e+00 2.447273e+00 4.452312e-02
2.447273e+00 2.458182e+00 2.469091e+00 4.099288e-02
2.469091e+00 2.480000e+00 2.490909e+00 3.558641e-02
2.490909e+00 2.501818e+00 2.512727e+00 2.801800e-02
2.512727e+00 2.523636e+00 2.534545e+00 1.800191e-02
2.534545e+00 2.545455e+00 2.556364e+00 5.252413e-03
