1.411557e-05 1.278238e-02 2.555065e-02 5.560000e+02
2.555065e-02 3.831892e-02 5.108719e-02 1.746000e+03
5.108719e-02 6.385545e-02 7.662372e-02 1.496000e+03
7.662372e-02 8.939199e-02 1.021603e-01 2.881000e+03
1.021603e-01 1.149285e-01 1.276968e-01 1.768000e+03
1.276968e-01 1.404651e-01 1.532333e-01 1.944000e+03
1.532333e-01 1.660016e-01 1.787699e-01 1.116000e+03
1.787699e-01 1.915381e-01 2.043064e-01 8.280000e+02
2.043064e-01 2.170747e-01 2.298429e-01 4.200000e+02
2.298429e-01 2.426112e-01 2.553795e-01 3.280000e+02
2.553795e-01 2.681477e-01 2.809160e-01 1.610000e+02
2.809160e-01 2.936843e-01 3.064525e-01 1.270000e+02
3.064525e-01 3.192208e-01 3.319891e-01 7.200000e+01
3.319891e-01 3.447573e-01 3.575256e-01 7.000000e+01
3.575256e-01 3.702939e-01 3.830621e-01 3.300000e+01
3.830621e-01 3.958304e-01 4.085987e-01 2.000000e+01
4.085987e-01 4.213669e-01 4.341352e-01 1.500000e+01
4.341352e-01 4.469035e-01 4.596717e-01 1.000000e+01
4.596717e-01 4.724400e-01 4.852083e-01 1.300000e+01
4.852083e-01 4.979765e-01 5.107448e-01 5.000000e+00
