0.000000e+00 1.000000e-02 2.000000e-02 1.023670e+00
2.000000e-02 3.000000e-02 4.000000e-02 4.204772e+00
4.000000e-02 5.000000e-02 6.000000e-02 6.031206e+00
6.000000e-02 7.000000e-02 8.000000e-02 6.484911e+00
8.000000e-02 9.000000e-02 1.000000e-01 6.115861e+00
1.000000e-01 1.100000e-01 1.200000e-01 5.363065e+00
1.200000e-01 1.300000e-01 1.400000e-01 4.495807e+00
1.400000e-01 1.500000e-01 1.600000e-01 3.657834e+00
1.600000e-01 1.700000e-01 1.800000e-01 2.914825e+00
1.800000e-01 1.900000e-01 2.000000e-01 2.288262e+00
2.000000e-01 2.100000e-01 2.200000e-01 1.776683e+00
2.200000e-01 2.300000e-01 2.400000e-01 1.368104e+00
2.400000e-01 2.500000e-01 2.600000e-01 1.046876e+00
2.600000e-01 2.700000e-01 2.800000e-01 7.972174e-01
2.800000e-01 2.900000e-01 3.000000e-01 6.048467e-01
3.000000e-01 3.100000e-01 3.200000e-01 4.575847e-01
3.200000e-01 3.300000e-01 3.400000e-01 3.454176e-01
3.400000e-01 3.500000e-01 3.600000e-01 2.603109e-01
3.600000e-01 3.700000e-01 3.800000e-01 1.959285e-01
3.800000e-01 3.900000e-01 4.000000e-01 1.473355e-01
4.000000e-01 4.100000e-01 4.200000e-01 1.107237e-01
4.200000e-01 4.300000e-01 4.400000e-01 8.317549e-02
4.400000e-01 4.500000e-01 4.600000e-01 6.246715e-02
4.600000e-01 4.700000e-01 4.800000e-01 4.691116e-02
4.800000e-01 4.900000e-01 5.000000e-01 3.523090e-02
5.000000e-01 5.100000e-01 5.200000e-01 2.646310e-02
5.200000e-01 5.300000e-01 5.400000e-01 1.988223e-02
5.400000e-01 5.500000e-01 5.600000e-01 1.494271e-02
5.600000e-01 5.700000e-01 5.800000e-01 1.123467e-02
5.800000e-01 5.900000e-01 6.000000e-01 8.450460e-03
