0       0.00667 0.01333 0.00009
0.01333 0.02000 0.02667 0.00011
0.02667 0.03333 0.04000 0.00013
0.04000 0.04667 0.05333 0.00018
0.05333 0.06000 0.06667 0.00094
0.06667 0.07333 0.08000 0.00168
0.08000 0.08667 0.09333 0.00240
0.09333 0.10000 0.10667 0.00309
0.10667 0.11333 0.12000 0.00376
0.12000 0.12667 0.13333 0.00442
0.13333 0.14000 0.14667 0.00505
0.14667 0.15333 0.16000 0.00566
0.16000 0.16667 0.17333 0.00625
0.17333 0.18000 0.18667 0.00682
0.18667 0.19333 0.20000 0.00737
0.20000 0.20667 0.21333 0.00790
0.21333 0.22000 0.22667 0.00841
0.22667 0.23333 0.24000 0.00890
0.24000 0.24667 0.25333 0.00937
0.25333 0.26000 0.26667 0.00983
0.26667 0.27333 0.28000 0.01027
0.28000 0.28667 0.29333 0.01069
0.29333 0.30000 0.30667 0.01109
0.30667 0.31333 0.32000 0.01147
0.32000 0.32667 0.33333 0.01184
0.33333 0.34000 0.34667 0.01219
0.34667 0.35333 0.36000 0.01253
0.36000 0.36667 0.37333 0.01285
0.37333 0.38000 0.38667 0.01315
0.38667 0.39333 0.40000 0.01344
0.40000 0.40667 0.41333 0.01371
0.41333 0.42000 0.42667 0.01397
0.42667 0.43333 0.44000 0.01421
0.44000 0.44667 0.45333 0.01444
0.45333 0.46000 0.46667 0.01465
0.46667 0.47333 0.48000 0.01485
0.48000 0.48667 0.49333 0.01504
0.49333 0.50000 0.50667 0.01521
0.50667 0.51333 0.52000 0.01537
0.52000 0.52667 0.53333 0.01552
0.53333 0.54000 0.54667 0.01565
0.54667 0.55333 0.56000 0.01577
0.56000 0.56667 0.57333 0.01588
0.57333 0.58000 0.58667 0.01598
0.58667 0.59333 0.60000 0.01607
0.60000 0.60667 0.61333 0.01614
0.61333 0.62000 0.62667 0.01621
0.62667 0.63333 0.64000 0.01626
0.64000 0.64667 0.65333 0.01631
0.65333 0.66000 0.66667 0.01634
0.66667 0.67333 0.68000 0.01637
0.68000 0.68667 0.69333 0.01638
0.69333 0.70000 0.70667 0.01639
0.70667 0.71333 0.72000 0.01638
0.72000 0.72667 0.73333 0.01637
0.73333 0.74000 0.74667 0.01636
0.74667 0.75333 0.76000 0.01633
0.76000 0.76667 0.77333 0.01629
0.77333 0.78000 0.78667 0.01625
0.78667 0.79333 0.80000 0.01621
0.80000 0.80667 0.81333 0.01615
0.81333 0.82000 0.82667 0.01609
0.82667 0.83333 0.84000 0.01602
0.84000 0.84667 0.85333 0.01595
0.85333 0.86000 0.86667 0.01587
0.86667 0.87333 0.88000 0.01579
0.88000 0.88667 0.89333 0.01570
0.89333 0.90000 0.90667 0.01561
0.90667 0.91333 0.92000 0.01552
0.92000 0.92667 0.93333 0.01542
0.93333 0.94000 0.94667 0.01531
0.94667 0.95333 0.96000 0.01521
0.96000 0.96667 0.97333 0.01510
0.97333 0.98000 0.98667 0.01499
0.98667 0.99333 1.00000 0.01487
1.00000 1.00667 1.01333 0.01476
1.01333 1.02000 1.02667 0.01464
1.02667 1.03333 1.04000 0.01452
1.04000 1.04667 1.05333 0.01440
1.05333 1.06000 1.06667 0.01428
1.06667 1.07333 1.08000 0.01416
1.08000 1.08667 1.09333 0.01404
1.09333 1.10000 1.10667 0.01391
1.10667 1.11333 1.12000 0.01379
1.12000 1.12667 1.13333 0.01366
1.13333 1.14000 1.14667 0.01354
1.14667 1.15333 1.16000 0.01341
1.16000 1.16667 1.17333 0.01329
1.17333 1.18000 1.18667 0.01316
1.18667 1.19333 1.20000 0.01304
1.20000 1.20667 1.21333 0.01291
1.21333 1.22000 1.22667 0.01279
1.22667 1.23333 1.24000 0.01267
1.24000 1.24667 1.25333 0.01254
1.25333 1.26000 1.26667 0.01242
1.26667 1.27333 1.28000 0.01230
1.28000 1.28667 1.29333 0.01219
1.29333 1.30000 1.30667 0.01207
1.30667 1.31333 1.32000 0.01195
1.32000 1.32667 1.33333 0.01184
1.33333 1.34000 1.34667 0.01173
1.34667 1.35333 1.36000 0.01162
1.36000 1.36667 1.37333 0.01151
1.37333 1.38000 1.38667 0.01141
1.38667 1.39333 1.40000 0.01131
1.40000 1.40667 1.41333 0.01121
1.41333 1.42000 1.42667 0.01111
1.42667 1.43333 1.44000 0.01102
1.44000 1.44667 1.45333 0.01093
1.45333 1.46000 1.46667 0.01084
1.46667 1.47333 1.48000 0.01075
1.48000 1.48667 1.49333 0.01067
1.49333 1.50000 1.50667 0.01058
1.50667 1.51333 1.52000 0.01050
1.52000 1.52667 1.53333 0.01041
1.53333 1.54000 1.54667 0.01033
1.54667 1.55333 1.56000 0.01025
1.56000 1.56667 1.57333 0.01017
1.57333 1.58000 1.58667 0.01009
1.58667 1.59333 1.60000 0.01000
1.60000 1.60667 1.61333 0.00992
1.61333 1.62000 1.62667 0.00983
1.62667 1.63333 1.64000 0.00975
1.64000 1.64667 1.65333 0.00966
1.65333 1.66000 1.66667 0.00957
1.66667 1.67333 1.68000 0.00948
1.68000 1.68667 1.69333 0.00939
1.69333 1.70000 1.70667 0.00929
1.70667 1.71333 1.72000 0.00919
1.72000 1.72667 1.73333 0.00909
1.73333 1.74000 1.74667 0.00899
1.74667 1.75333 1.76000 0.00888
1.76000 1.76667 1.77333 0.00877
1.77333 1.78000 1.78667 0.00865
1.78667 1.79333 1.80000 0.00853
1.80000 1.80667 1.81333 0.00840
1.81333 1.82000 1.82667 0.00827
1.82667 1.83333 1.84000 0.00814
1.84000 1.84667 1.85333 0.00800
1.85333 1.86000 1.86667 0.00786
1.86667 1.87333 1.88000 0.00772
1.88000 1.88667 1.89333 0.00757
1.89333 1.90000 1.90667 0.00743
1.90667 1.91333 1.92000 0.00728
1.92000 1.92667 1.93333 0.00712
1.93333 1.94000 1.94667 0.00697
1.94667 1.95333 1.96000 0.00682
1.96000 1.96667 1.97333 0.00666
1.97333 1.98000 1.98667 0.00651
1.98667 1.99333 2.00000 0.00635
2.00000 2.00667 2.01333 0.00620
2.01333 2.02000 2.02667 0.00605
2.02667 2.03333 2.04000 0.00589
2.04000 2.04667 2.05333 0.00574
2.05333 2.06000 2.06667 0.00560
2.06667 2.07333 2.08000 0.00545
2.08000 2.08667 2.09333 0.00531
2.09333 2.10000 2.10667 0.00517
2.10667 2.11333 2.12000 0.00503
2.12000 2.12667 2.13333 0.00490
2.13333 2.14000 2.14667 0.00477
2.14667 2.15333 2.16000 0.00464
2.16000 2.16667 2.17333 0.00452
2.17333 2.18000 2.18667 0.00441
2.18667 2.19333 2.20000 0.00430
2.20000 2.20667 2.21333 0.00420
2.21333 2.22000 2.22667 0.00410
2.22667 2.23333 2.24000 0.00401
2.24000 2.24667 2.25333 0.00392
2.25333 2.26000 2.26667 0.00384
2.26667 2.27333 2.28000 0.00377
2.28000 2.28667 2.29333 0.00370
2.29333 2.30000 2.30667 0.00363
2.30667 2.31333 2.32000 0.00357
2.32000 2.32667 2.33333 0.00351
2.33333 2.34000 2.34667 0.00345
2.34667 2.35333 2.36000 0.00340
2.36000 2.36667 2.37333 0.00335
2.37333 2.38000 2.38667 0.00330
2.38667 2.39333 2.40000 0.00326
2.40000 2.40667 2.41333 0.00322
2.41333 2.42000 2.42667 0.00318
2.42667 2.43333 2.44000 0.00314
2.44000 2.44667 2.45333 0.00310
2.45333 2.46000 2.46667 0.00306
2.46667 2.47333 2.48000 0.00303
2.48000 2.48667 2.49333 0.00299
2.49333 2.50000 2.50667 0.00296
2.50667 2.51333 2.52000 0.00292
2.52000 2.52667 2.53333 0.00289
2.53333 2.54000 2.54667 0.00285
2.54667 2.55333 2.56000 0.00281
2.56000 2.56667 2.57333 0.00278
2.57333 2.58000 2.58667 0.00274
2.58667 2.59333 2.60000 0.00270
2.60000 2.60667 2.61333 0.00265
2.61333 2.62000 2.62667 0.00261
2.62667 2.63333 2.64000 0.00256
2.64000 2.64667 2.65333 0.00252
2.65333 2.66000 2.66667 0.00247
2.66667 2.67333 2.68000 0.00241
2.68000 2.68667 2.69333 0.00236
2.69333 2.70000 2.70667 0.00231
2.70667 2.71333 2.72000 0.00225
2.72000 2.72667 2.73333 0.00220
2.73333 2.74000 2.74667 0.00214
2.74667 2.75333 2.76000 0.00208
2.76000 2.76667 2.77333 0.00203
2.77333 2.78000 2.78667 0.00197
2.78667 2.79333 2.80000 0.00191
2.80000 2.80667 2.81333 0.00185
2.81333 2.82000 2.82667 0.00179
2.82667 2.83333 2.84000 0.00173
2.84000 2.84667 2.85333 0.00167
2.85333 2.86000 2.86667 0.00162
2.86667 2.87333 2.88000 0.00156
2.88000 2.88667 2.89333 0.00150
2.89333 2.90000 2.90667 0.00145
2.90667 2.91333 2.92000 0.00139
2.92000 2.92667 2.93333 0.00134
2.93333 2.94000 2.94667 0.00128
2.94667 2.95333 2.96000 0.00123
2.96000 2.96667 2.97333 0.00118
2.97333 2.98000 2.98667 0.00113
2.98667 2.99333 3.00000 0.00108
3.00000 3.00667 3.01333 0.00104
3.01333 3.02000 3.02667 0.00100
3.02667 3.03333 3.04000 0.00095
3.04000 3.04667 3.05333 0.00091
3.05333 3.06000 3.06667 0.00088
3.06667 3.07333 3.08000 0.00084
3.08000 3.08667 3.09333 0.00080
3.09333 3.10000 3.10667 0.00077
3.10667 3.11333 3.12000 0.00074
3.12000 3.12667 3.13333 0.00071
3.13333 3.14000 3.14667 0.00068
3.14667 3.15333 3.16000 0.00065
3.16000 3.16667 3.17333 0.00062
3.17333 3.18000 3.18667 0.00060
3.18667 3.19333 3.20000 0.00057
3.20000 3.20667 3.21333 0.00055
3.21333 3.22000 3.22667 0.00053
3.22667 3.23333 3.24000 0.00051
3.24000 3.24667 3.25333 0.00049
3.25333 3.26000 3.26667 0.00047
3.26667 3.27333 3.28000 0.00045
3.28000 3.28667 3.29333 0.00044
3.29333 3.30000 3.30667 0.00042
3.30667 3.31333 3.32000 0.00040
3.32000 3.32667 3.33333 0.00039
3.33333 3.34000 3.34667 0.00038
3.34667 3.35333 3.36000 0.00036
3.36000 3.36667 3.37333 0.00035
3.37333 3.38000 3.38667 0.00034
3.38667 3.39333 3.40000 0.00032
3.40000 3.40667 3.41333 0.00031
3.41333 3.42000 3.42667 0.00030
3.42667 3.43333 3.44000 0.00029
3.44000 3.44667 3.45333 0.00028
3.45333 3.46000 3.46667 0.00027
3.46667 3.47333 3.48000 0.00026
3.48000 3.48667 3.49333 0.00025
3.49333 3.50000 3.50667 0.00024
3.50667 3.51333 3.52000 0.00023
3.52000 3.52667 3.53333 0.00022
3.53333 3.54000 3.54667 0.00022
3.54667 3.55333 3.56000 0.00021
3.56000 3.56667 3.57333 0.00020
3.57333 3.58000 3.58667 0.00019
3.58667 3.59333 3.60000 0.00018
3.60000 3.60667 3.61333 0.00018
3.61333 3.62000 3.62667 0.00017
3.62667 3.63333 3.64000 0.00016
3.64000 3.64667 3.65333 0.00015
3.65333 3.66000 3.66667 0.00015
3.66667 3.67333 3.68000 0.00014
3.68000 3.68667 3.69333 0.00013
3.69333 3.70000 3.70667 0.00013
3.70667 3.71333 3.72000 0.00012
3.72000 3.72667 3.73333 0.00011
3.73333 3.74000 3.74667 0.00011
3.74667 3.75333 3.76000 0.00010
3.76000 3.76667 3.77333 0.00009
3.77333 3.78000 3.78667 0.00009
3.78667 3.79333 3.80000 0.00008
3.80000 3.80667 3.81333 0.00008
3.81333 3.82000 3.82667 0.00007
3.82667 3.83333 3.84000 0.00006
3.84000 3.84667 3.85333 0.00006
3.85333 3.86000 3.86667 0.00005
3.86667 3.87333 3.88000 0.00004
3.88000 3.88667 3.89333 0.00003
3.89333 3.90000 3.90667 0.00003
3.90667 3.91333 3.92000 0.00002
3.92000 3.92667 3.93333 0.00001
3.93333 3.94000 3.94667 0.00001
3.94667 3.95333 3.96000 0.00001
3.96000 3.96667 3.97333 0.00001
3.97333 3.98000 3.98667 0.00001
3.98667 3.99333 4.00000 0.00001
