0.000000e+00 1.000000e-02 2.000000e-02 1.607066e-01
2.000000e-02 3.000000e-02 4.000000e-02 1.097205e+00
4.000000e-02 5.000000e-02 6.000000e-02 2.278205e+00
6.000000e-02 7.000000e-02 8.000000e-02 3.308840e+00
8.000000e-02 9.000000e-02 1.000000e-01 4.027729e+00
1.000000e-01 1.100000e-01 1.200000e-01 4.408632e+00
1.200000e-01 1.300000e-01 1.400000e-01 4.493310e+00
1.400000e-01 1.500000e-01 1.600000e-01 4.350103e+00
1.600000e-01 1.700000e-01 1.800000e-01 4.050597e+00
1.800000e-01 1.900000e-01 2.000000e-01 3.658023e+00
2.000000e-01 2.100000e-01 2.200000e-01 3.222749e+00
2.200000e-01 2.300000e-01 2.400000e-01 2.781750e+00
2.400000e-01 2.500000e-01 2.600000e-01 2.360053e+00
2.600000e-01 2.700000e-01 2.800000e-01 1.972969e+00
2.800000e-01 2.900000e-01 3.000000e-01 1.628429e+00
3.000000e-01 3.100000e-01 3.200000e-01 1.329091e+00
3.200000e-01 3.300000e-01 3.400000e-01 1.074087e+00
3.400000e-01 3.500000e-01 3.600000e-01 8.603757e-01
3.600000e-01 3.700000e-01 3.800000e-01 6.837387e-01
3.800000e-01 3.900000e-01 4.000000e-01 5.394799e-01
4.000000e-01 4.100000e-01 4.200000e-01 4.228879e-01
4.200000e-01 4.300000e-01 4.400000e-01 3.295209e-01
4.400000e-01 4.500000e-01 4.600000e-01 2.553638e-01
4.600000e-01 4.700000e-01 4.800000e-01 1.968967e-01
4.800000e-01 4.900000e-01 5.000000e-01 1.511064e-01
5.000000e-01 5.100000e-01 5.200000e-01 1.154611e-01
5.200000e-01 5.300000e-01 5.400000e-01 8.786676e-02
5.400000e-01 5.500000e-01 5.600000e-01 6.661375e-02
5.600000e-01 5.700000e-01 5.800000e-01 5.032175e-02
5.800000e-01 5.900000e-01 6.000000e-01 3.788719e-02
