4.199123e-04 2.541443e-02 5.040896e-02 2.442000e+03
5.040896e-02 7.540347e-02 1.003980e-01 7.173000e+03
1.003980e-01 1.253925e-01 1.503870e-01 1.142200e+04
1.503870e-01 1.753816e-01 2.003761e-01 1.577300e+04
2.003761e-01 2.253706e-01 2.503651e-01 1.938300e+04
2.503651e-01 2.753597e-01 3.003542e-01 2.306600e+04
3.003542e-01 3.253487e-01 3.503432e-01 2.408400e+04
3.503432e-01 3.753377e-01 4.003323e-01 2.510100e+04
4.003323e-01 4.253268e-01 4.503213e-01 2.657300e+04
4.503213e-01 4.753158e-01 5.003104e-01 2.766400e+04
5.003104e-01 5.253049e-01 5.502994e-01 2.913700e+04
5.502994e-01 5.752939e-01 6.002885e-01 2.960200e+04
6.002885e-01 6.252830e-01 6.502775e-01 3.021100e+04
6.502775e-01 6.752720e-01 7.002665e-01 3.131300e+04
7.002665e-01 7.252611e-01 7.502556e-01 3.141200e+04
7.502556e-01 7.752501e-01 8.002446e-01 2.897400e+04
8.002446e-01 8.252392e-01 8.502337e-01 2.718400e+04
8.502337e-01 8.752282e-01 9.002227e-01 2.554400e+04
9.002227e-01 9.252173e-01 9.502118e-01 2.758500e+04
9.502118e-01 9.752063e-01 1.000201e+00 2.948800e+04
1.000201e+00 1.025195e+00 1.050190e+00 2.814700e+04
1.050190e+00 1.075184e+00 1.100179e+00 2.703300e+04
1.100179e+00 1.125173e+00 1.150168e+00 1.806100e+04
1.150168e+00 1.175162e+00 1.200157e+00 1.784300e+04
1.200157e+00 1.225152e+00 1.250146e+00 1.740500e+04
1.250146e+00 1.275141e+00 1.300135e+00 1.745500e+04
1.300135e+00 1.325130e+00 1.350124e+00 1.327800e+04
1.350124e+00 1.375119e+00 1.400113e+00 1.327600e+04
1.400113e+00 1.425108e+00 1.450102e+00 1.302200e+04
1.450102e+00 1.475097e+00 1.500091e+00 1.309900e+04
1.500091e+00 1.525086e+00 1.550080e+00 9.756000e+03
1.550080e+00 1.575075e+00 1.600069e+00 9.558000e+03
1.600069e+00 1.625064e+00 1.650058e+00 9.613000e+03
1.650058e+00 1.675053e+00 1.700047e+00 9.615000e+03
1.700047e+00 1.725042e+00 1.750036e+00 7.214000e+03
1.750036e+00 1.775031e+00 1.800025e+00 7.347000e+03
1.800025e+00 1.825020e+00 1.850015e+00 7.389000e+03
1.850015e+00 1.875009e+00 1.900004e+00 7.181000e+03
1.900004e+00 1.924998e+00 1.949993e+00 5.827000e+03
1.949993e+00 1.974987e+00 1.999982e+00 5.871000e+03
