0.000000e+00 1.000000e-02 2.000000e-02 2.009918e-01
2.000000e-02 3.000000e-02 4.000000e-02 1.272017e+00
4.000000e-02 5.000000e-02 6.000000e-02 2.503577e+00
6.000000e-02 7.000000e-02 8.000000e-02 3.491555e+00
8.000000e-02 9.000000e-02 1.000000e-01 4.118942e+00
1.000000e-01 1.100000e-01 1.200000e-01 4.400916e+00
1.200000e-01 1.300000e-01 1.400000e-01 4.404488e+00
1.400000e-01 1.500000e-01 1.600000e-01 4.208329e+00
1.600000e-01 1.700000e-01 1.800000e-01 3.884354e+00
1.800000e-01 1.900000e-01 2.000000e-01 3.490820e+00
2.000000e-01 2.100000e-01 2.200000e-01 3.071203e+00
2.200000e-01 2.300000e-01 2.400000e-01 2.655715e+00
2.400000e-01 2.500000e-01 2.600000e-01 2.263766e+00
2.600000e-01 2.700000e-01 2.800000e-01 1.906532e+00
2.800000e-01 2.900000e-01 3.000000e-01 1.589246e+00
3.000000e-01 3.100000e-01 3.200000e-01 1.313070e+00
3.200000e-01 3.300000e-01 3.400000e-01 1.076549e+00
3.400000e-01 3.500000e-01 3.600000e-01 8.766738e-01
3.600000e-01 3.700000e-01 3.800000e-01 7.096452e-01
3.800000e-01 3.900000e-01 4.000000e-01 5.713857e-01
4.000000e-01 4.100000e-01 4.200000e-01 4.578726e-01
4.200000e-01 4.300000e-01 4.400000e-01 3.653376e-01
4.400000e-01 4.500000e-01 4.600000e-01 2.903735e-01
4.600000e-01 4.700000e-01 4.800000e-01 2.299784e-01
4.800000e-01 4.900000e-01 5.000000e-01 1.815599e-01
5.000000e-01 5.100000e-01 5.200000e-01 1.429138e-01
5.200000e-01 5.300000e-01 5.400000e-01 1.121900e-01
5.400000e-01 5.500000e-01 5.600000e-01 8.785226e-02
5.600000e-01 5.700000e-01 5.800000e-01 6.863613e-02
5.800000e-01 5.900000e-01 6.000000e-01 5.350910e-02
