0.000000e+00 1.000000e-02 2.000000e-02 7.821593e-02
2.000000e-02 3.000000e-02 4.000000e-02 5.846669e-01
4.000000e-02 5.000000e-02 6.000000e-02 1.322342e+00
6.000000e-02 7.000000e-02 8.000000e-02 2.084621e+00
8.000000e-02 9.000000e-02 1.000000e-01 2.746696e+00
1.000000e-01 1.100000e-01 1.200000e-01 3.246764e+00
1.200000e-01 1.300000e-01 1.400000e-01 3.566504e+00
1.400000e-01 1.500000e-01 1.600000e-01 3.714814e+00
1.600000e-01 1.700000e-01 1.800000e-01 3.715573e+00
1.800000e-01 1.900000e-01 2.000000e-01 3.599073e+00
2.000000e-01 2.100000e-01 2.200000e-01 3.396457e+00
2.200000e-01 2.300000e-01 2.400000e-01 3.136407e+00
2.400000e-01 2.500000e-01 2.600000e-01 2.843446e+00
2.600000e-01 2.700000e-01 2.800000e-01 2.537331e+00
2.800000e-01 2.900000e-01 3.000000e-01 2.233109e+00
3.000000e-01 3.100000e-01 3.200000e-01 1.941576e+00
3.200000e-01 3.300000e-01 3.400000e-01 1.669907e+00
3.400000e-01 3.500000e-01 3.600000e-01 1.422353e+00
3.600000e-01 3.700000e-01 3.800000e-01 1.200897e+00
3.800000e-01 3.900000e-01 4.000000e-01 1.005847e+00
4.000000e-01 4.100000e-01 4.200000e-01 8.363378e-01
4.200000e-01 4.300000e-01 4.400000e-01 6.907331e-01
4.400000e-01 4.500000e-01 4.600000e-01 5.669439e-01
4.600000e-01 4.700000e-01 4.800000e-01 4.626644e-01
4.800000e-01 4.900000e-01 5.000000e-01 3.755437e-01
5.000000e-01 5.100000e-01 5.200000e-01 3.033024e-01
5.200000e-01 5.300000e-01 5.400000e-01 2.438081e-01
5.400000e-01 5.500000e-01 5.600000e-01 1.951191e-01
5.600000e-01 5.700000e-01 5.800000e-01 1.555035e-01
5.800000e-01 5.900000e-01 6.000000e-01 1.234437e-01
