0.000000e+00 5.000000e-03 1.000000e-02 1.111316e-06
1.000000e-02 1.500000e-02 2.000000e-02 3.785646e-05
2.000000e-02 2.500000e-02 3.000000e-02 1.948677e-04
3.000000e-02 3.500000e-02 4.000000e-02 5.722572e-04
4.000000e-02 4.500000e-02 5.000000e-02 1.276990e-03
5.000000e-02 5.500000e-02 6.000000e-02 2.419418e-03
6.000000e-02 6.500000e-02 7.000000e-02 4.110906e-03
7.000000e-02 7.500000e-02 8.000000e-02 6.461967e-03
8.000000e-02 8.500000e-02 9.000000e-02 9.580699e-03
9.000000e-02 9.500000e-02 1.000000e-01 1.357145e-02
1.000000e-01 1.050000e-01 1.100000e-01 1.853361e-02
1.100000e-01 1.150000e-01 1.200000e-01 2.456064e-02
1.200000e-01 1.250000e-01 1.300000e-01 3.173905e-02
1.300000e-01 1.350000e-01 1.400000e-01 4.014771e-02
1.400000e-01 1.450000e-01 1.500000e-01 4.985712e-02
1.500000e-01 1.550000e-01 1.600000e-01 6.092877e-02
1.600000e-01 1.650000e-01 1.700000e-01 7.341476e-02
1.700000e-01 1.750000e-01 1.800000e-01 8.735735e-02
1.800000e-01 1.850000e-01 1.900000e-01 1.027887e-01
1.900000e-01 1.950000e-01 2.000000e-01 1.197306e-01
2.000000e-01 2.050000e-01 2.100000e-01 1.381946e-01
2.100000e-01 2.150000e-01 2.200000e-01 1.581816e-01
2.200000e-01 2.250000e-01 2.300000e-01 1.796823e-01
2.300000e-01 2.350000e-01 2.400000e-01 2.026771e-01
2.400000e-01 2.450000e-01 2.500000e-01 2.271363e-01
2.500000e-01 2.550000e-01 2.600000e-01 2.530206e-01
2.600000e-01 2.650000e-01 2.700000e-01 2.802813e-01
2.700000e-01 2.750000e-01 2.800000e-01 3.088606e-01
2.800000e-01 2.850000e-01 2.900000e-01 3.386923e-01
2.900000e-01 2.950000e-01 3.000000e-01 3.697022e-01
3.000000e-01 3.050000e-01 3.100000e-01 4.018085e-01
3.100000e-01 3.150000e-01 3.200000e-01 4.349226e-01
3.200000e-01 3.250000e-01 3.300000e-01 4.689498e-01
3.300000e-01 3.350000e-01 3.400000e-01 5.037896e-01
3.400000e-01 3.450000e-01 3.500000e-01 5.393366e-01
3.500000e-01 3.550000e-01 3.600000e-01 5.754813e-01
3.600000e-01 3.650000e-01 3.700000e-01 6.121106e-01
3.700000e-01 3.750000e-01 3.800000e-01 6.491085e-01
3.800000e-01 3.850000e-01 3.900000e-01 6.863569e-01
3.900000e-01 3.950000e-01 4.000000e-01 7.237365e-01
4.000000e-01 4.050000e-01 4.100000e-01 7.611268e-01
4.100000e-01 4.150000e-01 4.200000e-01 7.984076e-01
4.200000e-01 4.250000e-01 4.300000e-01 8.354592e-01
4.300000e-01 4.350000e-01 4.400000e-01 8.721631e-01
4.400000e-01 4.450000e-01 4.500000e-01 9.084026e-01
4.500000e-01 4.550000e-01 4.600000e-01 9.440636e-01
4.600000e-01 4.650000e-01 4.700000e-01 9.790347e-01
4.700000e-01 4.750000e-01 4.800000e-01 1.013208e+00
4.800000e-01 4.850000e-01 4.900000e-01 1.046480e+00
4.900000e-01 4.950000e-01 5.000000e-01 1.078752e+00
5.000000e-01 5.050000e-01 5.100000e-01 1.109928e+00
5.100000e-01 5.150000e-01 5.200000e-01 1.139920e+00
5.200000e-01 5.250000e-01 5.300000e-01 1.168645e+00
5.300000e-01 5.350000e-01 5.400000e-01 1.196023e+00
5.400000e-01 5.450000e-01 5.500000e-01 1.221983e+00
5.500000e-01 5.550000e-01 5.600000e-01 1.246460e+00
5.600000e-01 5.650000e-01 5.700000e-01 1.269395e+00
5.700000e-01 5.750000e-01 5.800000e-01 1.290734e+00
5.800000e-01 5.850000e-01 5.900000e-01 1.310433e+00
5.900000e-01 5.950000e-01 6.000000e-01 1.328453e+00
6.000000e-01 6.050000e-01 6.100000e-01 1.344759e+00
6.100000e-01 6.150000e-01 6.200000e-01 1.359328e+00
6.200000e-01 6.250000e-01 6.300000e-01 1.372140e+00
6.300000e-01 6.350000e-01 6.400000e-01 1.383181e+00
6.400000e-01 6.450000e-01 6.500000e-01 1.392446e+00
6.500000e-01 6.550000e-01 6.600000e-01 1.399935e+00
6.600000e-01 6.650000e-01 6.700000e-01 1.405654e+00
6.700000e-01 6.750000e-01 6.800000e-01 1.409615e+00
6.800000e-01 6.850000e-01 6.900000e-01 1.411835e+00
6.900000e-01 6.950000e-01 7.000000e-01 1.412337e+00
7.000000e-01 7.050000e-01 7.100000e-01 1.411149e+00
7.100000e-01 7.150000e-01 7.200000e-01 1.408305e+00
7.200000e-01 7.250000e-01 7.300000e-01 1.403840e+00
7.300000e-01 7.350000e-01 7.400000e-01 1.397798e+00
7.400000e-01 7.450000e-01 7.500000e-01 1.390223e+00
7.500000e-01 7.550000e-01 7.600000e-01 1.381165e+00
7.600000e-01 7.650000e-01 7.700000e-01 1.370676e+00
7.700000e-01 7.750000e-01 7.800000e-01 1.358812e+00
7.800000e-01 7.850000e-01 7.900000e-01 1.345630e+00
7.900000e-01 7.950000e-01 8.000000e-01 1.331191e+00
8.000000e-01 8.050000e-01 8.100000e-01 1.315557e+00
8.100000e-01 8.150000e-01 8.200000e-01 1.298791e+00
8.200000e-01 8.250000e-01 8.300000e-01 1.280960e+00
8.300000e-01 8.350000e-01 8.400000e-01 1.262130e+00
8.400000e-01 8.450000e-01 8.500000e-01 1.242367e+00
8.500000e-01 8.550000e-01 8.600000e-01 1.221739e+00
8.600000e-01 8.650000e-01 8.700000e-01 1.200314e+00
8.700000e-01 8.750000e-01 8.800000e-01 1.178159e+00
8.800000e-01 8.850000e-01 8.900000e-01 1.155342e+00
8.900000e-01 8.950000e-01 9.000000e-01 1.131929e+00
9.000000e-01 9.050000e-01 9.100000e-01 1.107986e+00
9.100000e-01 9.150000e-01 9.200000e-01 1.083579e+00
9.200000e-01 9.250000e-01 9.300000e-01 1.058771e+00
9.300000e-01 9.350000e-01 9.400000e-01 1.033623e+00
9.400000e-01 9.450000e-01 9.500000e-01 1.008198e+00
9.500000e-01 9.550000e-01 9.600000e-01 9.825538e-01
9.600000e-01 9.650000e-01 9.700000e-01 9.567478e-01
9.700000e-01 9.750000e-01 9.800000e-01 9.308354e-01
9.800000e-01 9.850000e-01 9.900000e-01 9.048699e-01
9.900000e-01 9.950000e-01 1.000000e+00 8.789022e-01
1.000000e+00 1.005000e+00 1.010000e+00 8.529814e-01
1.010000e+00 1.015000e+00 1.020000e+00 8.271538e-01
1.020000e+00 1.025000e+00 1.030000e+00 8.014638e-01
1.030000e+00 1.035000e+00 1.040000e+00 7.759532e-01
1.040000e+00 1.045000e+00 1.050000e+00 7.506614e-01
1.050000e+00 1.055000e+00 1.060000e+00 7.256255e-01
1.060000e+00 1.065000e+00 1.070000e+00 7.008799e-01
1.070000e+00 1.075000e+00 1.080000e+00 6.764569e-01
1.080000e+00 1.085000e+00 1.090000e+00 6.523861e-01
1.090000e+00 1.095000e+00 1.100000e+00 6.286951e-01
1.100000e+00 1.105000e+00 1.110000e+00 6.054087e-01
1.110000e+00 1.115000e+00 1.120000e+00 5.825498e-01
1.120000e+00 1.125000e+00 1.130000e+00 5.601387e-01
1.130000e+00 1.135000e+00 1.140000e+00 5.381939e-01
1.140000e+00 1.145000e+00 1.150000e+00 5.167313e-01
1.150000e+00 1.155000e+00 1.160000e+00 4.957650e-01
1.160000e+00 1.165000e+00 1.170000e+00 4.753072e-01
1.170000e+00 1.175000e+00 1.180000e+00 4.553678e-01
1.180000e+00 1.185000e+00 1.190000e+00 4.359552e-01
1.190000e+00 1.195000e+00 1.200000e+00 4.170759e-01
1.200000e+00 1.205000e+00 1.210000e+00 3.987347e-01
1.210000e+00 1.215000e+00 1.220000e+00 3.809347e-01
1.220000e+00 1.225000e+00 1.230000e+00 3.636777e-01
1.230000e+00 1.235000e+00 1.240000e+00 3.469638e-01
1.240000e+00 1.245000e+00 1.250000e+00 3.307921e-01
1.250000e+00 1.255000e+00 1.260000e+00 3.151600e-01
1.260000e+00 1.265000e+00 1.270000e+00 3.000640e-01
1.270000e+00 1.275000e+00 1.280000e+00 2.854994e-01
1.280000e+00 1.285000e+00 1.290000e+00 2.714607e-01
1.290000e+00 1.295000e+00 1.300000e+00 2.579411e-01
1.300000e+00 1.305000e+00 1.310000e+00 2.449332e-01
1.310000e+00 1.315000e+00 1.320000e+00 2.324289e-01
1.320000e+00 1.325000e+00 1.330000e+00 2.204190e-01
1.330000e+00 1.335000e+00 1.340000e+00 2.088942e-01
1.340000e+00 1.345000e+00 1.350000e+00 1.978442e-01
1.350000e+00 1.355000e+00 1.360000e+00 1.872585e-01
1.360000e+00 1.365000e+00 1.370000e+00 1.771260e-01
1.370000e+00 1.375000e+00 1.380000e+00 1.674354e-01
1.380000e+00 1.385000e+00 1.390000e+00 1.581749e-01
1.390000e+00 1.395000e+00 1.400000e+00 1.493327e-01
1.400000e+00 1.405000e+00 1.410000e+00 1.408965e-01
1.410000e+00 1.415000e+00 1.420000e+00 1.328541e-01
1.420000e+00 1.425000e+00 1.430000e+00 1.251931e-01
1.430000e+00 1.435000e+00 1.440000e+00 1.179011e-01
1.440000e+00 1.445000e+00 1.450000e+00 1.109656e-01
1.450000e+00 1.455000e+00 1.460000e+00 1.043743e-01
1.460000e+00 1.465000e+00 1.470000e+00 9.811480e-02
1.470000e+00 1.475000e+00 1.480000e+00 9.217479e-02
1.480000e+00 1.485000e+00 1.490000e+00 8.654216e-02
1.490000e+00 1.495000e+00 1.500000e+00 8.120494e-02
1.500000e+00 1.505000e+00 1.510000e+00 7.615132e-02
1.510000e+00 1.515000e+00 1.520000e+00 7.136967e-02
1.520000e+00 1.525000e+00 1.530000e+00 6.684861e-02
1.530000e+00 1.535000e+00 1.540000e+00 6.257697e-02
1.540000e+00 1.545000e+00 1.550000e+00 5.854384e-02
1.550000e+00 1.555000e+00 1.560000e+00 5.473856e-02
1.560000e+00 1.565000e+00 1.570000e+00 5.115077e-02
1.570000e+00 1.575000e+00 1.580000e+00 4.777035e-02
1.580000e+00 1.585000e+00 1.590000e+00 4.458750e-02
1.590000e+00 1.595000e+00 1.600000e+00 4.159272e-02
1.600000e+00 1.605000e+00 1.610000e+00 3.877680e-02
1.610000e+00 1.615000e+00 1.620000e+00 3.613083e-02
1.620000e+00 1.625000e+00 1.630000e+00 3.364622e-02
1.630000e+00 1.635000e+00 1.640000e+00 3.131466e-02
1.640000e+00 1.645000e+00 1.650000e+00 2.912817e-02
1.650000e+00 1.655000e+00 1.660000e+00 2.707906e-02
1.660000e+00 1.665000e+00 1.670000e+00 2.515995e-02
1.670000e+00 1.675000e+00 1.680000e+00 2.336375e-02
1.680000e+00 1.685000e+00 1.690000e+00 2.168368e-02
1.690000e+00 1.695000e+00 1.700000e+00 2.011322e-02
1.700000e+00 1.705000e+00 1.710000e+00 1.864615e-02
1.710000e+00 1.715000e+00 1.720000e+00 1.727654e-02
1.720000e+00 1.725000e+00 1.730000e+00 1.599872e-02
1.730000e+00 1.735000e+00 1.740000e+00 1.480727e-02
1.740000e+00 1.745000e+00 1.750000e+00 1.369705e-02
1.750000e+00 1.755000e+00 1.760000e+00 1.266316e-02
1.760000e+00 1.765000e+00 1.770000e+00 1.170094e-02
1.770000e+00 1.775000e+00 1.780000e+00 1.080598e-02
1.780000e+00 1.785000e+00 1.790000e+00 9.974073e-03
1.790000e+00 1.795000e+00 1.800000e+00 9.201251e-03
1.800000e+00 1.805000e+00 1.810000e+00 8.483750e-03
1.810000e+00 1.815000e+00 1.820000e+00 7.818009e-03
1.820000e+00 1.825000e+00 1.830000e+00 7.200662e-03
1.830000e+00 1.835000e+00 1.840000e+00 6.628533e-03
1.840000e+00 1.845000e+00 1.850000e+00 6.098622e-03
1.850000e+00 1.855000e+00 1.860000e+00 5.608103e-03
1.860000e+00 1.865000e+00 1.870000e+00 5.154315e-03
1.870000e+00 1.875000e+00 1.880000e+00 4.734752e-03
1.880000e+00 1.885000e+00 1.890000e+00 4.347056e-03
1.890000e+00 1.895000e+00 1.900000e+00 3.989018e-03
1.900000e+00 1.905000e+00 1.910000e+00 3.658557e-03
1.910000e+00 1.915000e+00 1.920000e+00 3.353726e-03
1.920000e+00 1.925000e+00 1.930000e+00 3.072696e-03
1.930000e+00 1.935000e+00 1.940000e+00 2.813757e-03
1.940000e+00 1.945000e+00 1.950000e+00 2.575308e-03
1.950000e+00 1.955000e+00 1.960000e+00 2.355851e-03
1.960000e+00 1.965000e+00 1.970000e+00 2.153988e-03
1.970000e+00 1.975000e+00 1.980000e+00 1.968412e-03
1.980000e+00 1.985000e+00 1.990000e+00 1.797904e-03
1.990000e+00 1.995000e+00 2.000000e+00 1.641328e-03
2.000000e+00 2.005000e+00 2.010000e+00 1.497626e-03
2.010000e+00 2.015000e+00 2.020000e+00 1.365811e-03
2.020000e+00 2.025000e+00 2.030000e+00 1.244968e-03
2.030000e+00 2.035000e+00 2.040000e+00 1.134243e-03
2.040000e+00 2.045000e+00 2.050000e+00 1.032845e-03
2.050000e+00 2.055000e+00 2.060000e+00 9.400382e-04
2.060000e+00 2.065000e+00 2.070000e+00 8.551418e-04
2.070000e+00 2.075000e+00 2.080000e+00 7.775232e-04
2.080000e+00 2.085000e+00 2.090000e+00 7.065967e-04
2.090000e+00 2.095000e+00 2.100000e+00 6.418203e-04
2.100000e+00 2.105000e+00 2.110000e+00 5.826924e-04
2.110000e+00 2.115000e+00 2.120000e+00 5.287493e-04
2.120000e+00 2.125000e+00 2.130000e+00 4.795626e-04
2.130000e+00 2.135000e+00 2.140000e+00 4.347366e-04
2.140000e+00 2.145000e+00 2.150000e+00 3.939064e-04
2.150000e+00 2.155000e+00 2.160000e+00 3.567356e-04
2.160000e+00 2.165000e+00 2.170000e+00 3.229138e-04
2.170000e+00 2.175000e+00 2.180000e+00 2.921555e-04
2.180000e+00 2.185000e+00 2.190000e+00 2.641979e-04
2.190000e+00 2.195000e+00 2.200000e+00 2.387992e-04
2.200000e+00 2.205000e+00 2.210000e+00 2.157372e-04
2.210000e+00 2.215000e+00 2.220000e+00 1.948077e-04
2.220000e+00 2.225000e+00 2.230000e+00 1.758235e-04
2.230000e+00 2.235000e+00 2.240000e+00 1.586125e-04
2.240000e+00 2.245000e+00 2.250000e+00 1.430173e-04
2.250000e+00 2.255000e+00 2.260000e+00 1.288933e-04
2.260000e+00 2.265000e+00 2.270000e+00 1.161083e-04
2.270000e+00 2.275000e+00 2.280000e+00 1.045412e-04
2.280000e+00 2.285000e+00 2.290000e+00 9.408146e-05
2.290000e+00 2.295000e+00 2.300000e+00 8.462777e-05
2.300000e+00 2.305000e+00 2.310000e+00 7.608770e-05
2.310000e+00 2.315000e+00 2.320000e+00 6.837687e-05
2.320000e+00 2.325000e+00 2.330000e+00 6.141827e-05
2.330000e+00 2.335000e+00 2.340000e+00 5.514165e-05
2.340000e+00 2.345000e+00 2.350000e+00 4.948304e-05
2.350000e+00 2.355000e+00 2.360000e+00 4.438411e-05
2.360000e+00 2.365000e+00 2.370000e+00 3.979182e-05
2.370000e+00 2.375000e+00 2.380000e+00 3.565787e-05
2.380000e+00 2.385000e+00 2.390000e+00 3.193838e-05
2.390000e+00 2.395000e+00 2.400000e+00 2.859345e-05
2.400000e+00 2.405000e+00 2.410000e+00 2.558685e-05
2.410000e+00 2.415000e+00 2.420000e+00 2.288568e-05
2.420000e+00 2.425000e+00 2.430000e+00 2.046011e-05
2.430000e+00 2.435000e+00 2.440000e+00 1.828310e-05
2.440000e+00 2.445000e+00 2.450000e+00 1.633013e-05
2.450000e+00 2.455000e+00 2.460000e+00 1.457899e-05
2.460000e+00 2.465000e+00 2.470000e+00 1.300960e-05
2.470000e+00 2.475000e+00 2.480000e+00 1.160378e-05
2.480000e+00 2.485000e+00 2.490000e+00 1.034509e-05
2.490000e+00 2.495000e+00 2.500000e+00 9.218678e-06
2.500000e+00 2.505000e+00 2.510000e+00 8.211129e-06
2.510000e+00 2.515000e+00 2.520000e+00 7.310336e-06
2.520000e+00 2.525000e+00 2.530000e+00 6.505376e-06
2.530000e+00 2.535000e+00 2.540000e+00 5.786399e-06
2.540000e+00 2.545000e+00 2.550000e+00 5.144527e-06
2.550000e+00 2.555000e+00 2.560000e+00 4.571768e-06
2.560000e+00 2.565000e+00 2.570000e+00 4.060921e-06
2.570000e+00 2.575000e+00 2.580000e+00 3.605513e-06
2.580000e+00 2.585000e+00 2.590000e+00 3.199721e-06
2.590000e+00 2.595000e+00 2.600000e+00 2.838310e-06
2.600000e+00 2.605000e+00 2.610000e+00 2.516579e-06
2.610000e+00 2.615000e+00 2.620000e+00 2.230308e-06
2.620000e+00 2.625000e+00 2.630000e+00 1.975707e-06
2.630000e+00 2.635000e+00 2.640000e+00 1.749380e-06
2.640000e+00 2.645000e+00 2.650000e+00 1.548282e-06
2.650000e+00 2.655000e+00 2.660000e+00 1.369684e-06
2.660000e+00 2.665000e+00 2.670000e+00 1.211144e-06
2.670000e+00 2.675000e+00 2.680000e+00 1.070473e-06
2.680000e+00 2.685000e+00 2.690000e+00 9.457177e-07
2.690000e+00 2.695000e+00 2.700000e+00 8.351275e-07
2.700000e+00 2.705000e+00 2.710000e+00 7.371399e-07
2.710000e+00 2.715000e+00 2.720000e+00 6.503591e-07
2.720000e+00 2.725000e+00 2.730000e+00 5.735391e-07
2.730000e+00 2.735000e+00 2.740000e+00 5.055679e-07
2.740000e+00 2.745000e+00 2.750000e+00 4.454540e-07
2.750000e+00 2.755000e+00 2.760000e+00 3.923139e-07
2.760000e+00 2.765000e+00 2.770000e+00 3.453599e-07
2.770000e+00 2.775000e+00 2.780000e+00 3.038911e-07
2.780000e+00 2.785000e+00 2.790000e+00 2.672834e-07
2.790000e+00 2.795000e+00 2.800000e+00 2.349819e-07
2.800000e+00 2.805000e+00 2.810000e+00 2.064930e-07
2.810000e+00 2.815000e+00 2.820000e+00 1.813782e-07
2.820000e+00 2.825000e+00 2.830000e+00 1.592480e-07
2.830000e+00 2.835000e+00 2.840000e+00 1.397565e-07
2.840000e+00 2.845000e+00 2.850000e+00 1.225970e-07
2.850000e+00 2.855000e+00 2.860000e+00 1.074972e-07
2.860000e+00 2.865000e+00 2.870000e+00 9.421607e-08
2.870000e+00 2.875000e+00 2.880000e+00 8.253969e-08
2.880000e+00 2.885000e+00 2.890000e+00 7.227885e-08
2.890000e+00 2.895000e+00 2.900000e+00 6.326601e-08
2.900000e+00 2.905000e+00 2.910000e+00 5.535294e-08
2.910000e+00 2.915000e+00 2.920000e+00 4.840856e-08
2.920000e+00 2.925000e+00 2.930000e+00 4.231701e-08
2.930000e+00 2.935000e+00 2.940000e+00 3.697598e-08
2.940000e+00 2.945000e+00 2.950000e+00 3.229507e-08
2.950000e+00 2.955000e+00 2.960000e+00 2.819454e-08
2.960000e+00 2.965000e+00 2.970000e+00 2.460403e-08
2.970000e+00 2.975000e+00 2.980000e+00 2.146150e-08
2.980000e+00 2.985000e+00 2.990000e+00 1.871229e-08
2.990000e+00 2.995000e+00 3.000000e+00 1.630822e-08
