6.000000e-01	6.050000e-01	6.100000e-01	4.642528e-01
6.100000e-01	6.150000e-01	6.200000e-01	4.886352e-01
6.200000e-01	6.250000e-01	6.300000e-01	5.117789e-01
6.300000e-01	6.350000e-01	6.400000e-01	5.337337e-01
6.400000e-01	6.450000e-01	6.500000e-01	5.545496e-01
6.500000e-01	6.550000e-01	6.600000e-01	5.742764e-01
6.600000e-01	6.650000e-01	6.700000e-01	5.929639e-01
6.700000e-01	6.750000e-01	6.800000e-01	6.106619e-01
6.800000e-01	6.850000e-01	6.900000e-01	6.274204e-01
6.900000e-01	6.950000e-01	7.000000e-01	6.432892e-01
7.000000e-01	7.050000e-01	7.100000e-01	6.583180e-01
7.100000e-01	7.150000e-01	7.200000e-01	6.725569e-01
7.200000e-01	7.250000e-01	7.300000e-01	6.860555e-01
7.300000e-01	7.350000e-01	7.400000e-01	6.988638e-01
7.400000e-01	7.450000e-01	7.500000e-01	7.110317e-01
7.500000e-01	7.550000e-01	7.600000e-01	7.226089e-01
7.600000e-01	7.650000e-01	7.700000e-01	7.336453e-01
7.700000e-01	7.750000e-01	7.800000e-01	7.441908e-01
7.800000e-01	7.850000e-01	7.900000e-01	7.542952e-01
7.900000e-01	7.950000e-01	8.000000e-01	7.640084e-01
8.000000e-01	8.050000e-01	8.100000e-01	7.733802e-01
8.100000e-01	8.150000e-01	8.200000e-01	7.824513e-01
8.200000e-01	8.250000e-01	8.300000e-01	7.912254e-01
8.300000e-01	8.350000e-01	8.400000e-01	7.996973e-01
8.400000e-01	8.450000e-01	8.500000e-01	8.078615e-01
8.500000e-01	8.550000e-01	8.600000e-01	8.157126e-01
8.600000e-01	8.650000e-01	8.700000e-01	8.232453e-01
8.700000e-01	8.750000e-01	8.800000e-01	8.304543e-01
8.800000e-01	8.850000e-01	8.900000e-01	8.373340e-01
8.900000e-01	8.950000e-01	9.000000e-01	8.438792e-01
9.000000e-01	9.050000e-01	9.100000e-01	8.500845e-01
9.100000e-01	9.150000e-01	9.200000e-01	8.559389e-01
9.200000e-01	9.250000e-01	9.300000e-01	8.614094e-01
9.300000e-01	9.350000e-01	9.400000e-01	8.664572e-01
9.400000e-01	9.450000e-01	9.500000e-01	8.710438e-01
9.500000e-01	9.550000e-01	9.600000e-01	8.751304e-01
9.600000e-01	9.650000e-01	9.700000e-01	8.786785e-01
9.700000e-01	9.750000e-01	9.800000e-01	8.816493e-01
9.800000e-01	9.850000e-01	9.900000e-01	8.840042e-01
9.900000e-01	9.950000e-01	1.000000e+00	8.857046e-01
1.000000e+00	1.005000e+00	1.010000e+00	8.867118e-01
1.010000e+00	1.015000e+00	1.020000e+00	8.870018e-01
1.020000e+00	1.025000e+00	1.030000e+00	8.866092e-01
1.030000e+00	1.035000e+00	1.040000e+00	8.855834e-01
1.040000e+00	1.045000e+00	1.050000e+00	8.839736e-01
1.050000e+00	1.055000e+00	1.060000e+00	8.818291e-01
1.060000e+00	1.065000e+00	1.070000e+00	8.791992e-01
1.070000e+00	1.075000e+00	1.080000e+00	8.761332e-01
1.080000e+00	1.085000e+00	1.090000e+00	8.726804e-01
1.090000e+00	1.095000e+00	1.100000e+00	8.688901e-01
1.100000e+00	1.105000e+00	1.110000e+00	8.648115e-01
1.110000e+00	1.115000e+00	1.120000e+00	8.604876e-01
1.120000e+00	1.125000e+00	1.130000e+00	8.559354e-01
1.130000e+00	1.135000e+00	1.140000e+00	8.511654e-01
1.140000e+00	1.145000e+00	1.150000e+00	8.461884e-01
1.150000e+00	1.155000e+00	1.160000e+00	8.410150e-01
1.160000e+00	1.165000e+00	1.170000e+00	8.356557e-01
1.170000e+00	1.175000e+00	1.180000e+00	8.301212e-01
1.180000e+00	1.185000e+00	1.190000e+00	8.244221e-01
1.190000e+00	1.195000e+00	1.200000e+00	8.185690e-01
1.200000e+00	1.205000e+00	1.210000e+00	8.125726e-01
1.210000e+00	1.215000e+00	1.220000e+00	8.064429e-01
1.220000e+00	1.225000e+00	1.230000e+00	8.001876e-01
1.230000e+00	1.235000e+00	1.240000e+00	7.938142e-01
1.240000e+00	1.245000e+00	1.250000e+00	7.873296e-01
1.250000e+00	1.255000e+00	1.260000e+00	7.807413e-01
1.260000e+00	1.265000e+00	1.270000e+00	7.740565e-01
1.270000e+00	1.275000e+00	1.280000e+00	7.672823e-01
1.280000e+00	1.285000e+00	1.290000e+00	7.604260e-01
1.290000e+00	1.295000e+00	1.300000e+00	7.534949e-01
1.300000e+00	1.305000e+00	1.310000e+00	7.464961e-01
1.310000e+00	1.315000e+00	1.320000e+00	7.394340e-01
1.320000e+00	1.325000e+00	1.330000e+00	7.323004e-01
1.330000e+00	1.335000e+00	1.340000e+00	7.250843e-01
1.340000e+00	1.345000e+00	1.350000e+00	7.177747e-01
1.350000e+00	1.355000e+00	1.360000e+00	7.103606e-01
1.360000e+00	1.365000e+00	1.370000e+00	7.028308e-01
1.370000e+00	1.375000e+00	1.380000e+00	6.951745e-01
1.380000e+00	1.385000e+00	1.390000e+00	6.873804e-01
1.390000e+00	1.395000e+00	1.400000e+00	6.794376e-01
1.400000e+00	1.405000e+00	1.410000e+00	6.713350e-01
1.410000e+00	1.415000e+00	1.420000e+00	6.630687e-01
1.420000e+00	1.425000e+00	1.430000e+00	6.546632e-01
1.430000e+00	1.435000e+00	1.440000e+00	6.461501e-01
1.440000e+00	1.445000e+00	1.450000e+00	6.375611e-01
1.450000e+00	1.455000e+00	1.460000e+00	6.289278e-01
1.460000e+00	1.465000e+00	1.470000e+00	6.202818e-01
1.470000e+00	1.475000e+00	1.480000e+00	6.116548e-01
1.480000e+00	1.485000e+00	1.490000e+00	6.030783e-01
1.490000e+00	1.495000e+00	1.500000e+00	5.945841e-01
1.500000e+00	1.505000e+00	1.510000e+00	5.862037e-01
1.510000e+00	1.515000e+00	1.520000e+00	5.779581e-01
1.520000e+00	1.525000e+00	1.530000e+00	5.698258e-01
1.530000e+00	1.535000e+00	1.540000e+00	5.617744e-01
1.540000e+00	1.545000e+00	1.550000e+00	5.537717e-01
1.550000e+00	1.555000e+00	1.560000e+00	5.457854e-01
1.560000e+00	1.565000e+00	1.570000e+00	5.377833e-01
1.570000e+00	1.575000e+00	1.580000e+00	5.297331e-01
1.580000e+00	1.585000e+00	1.590000e+00	5.216025e-01
1.590000e+00	1.595000e+00	1.600000e+00	5.133593e-01
1.600000e+00	1.605000e+00	1.610000e+00	5.049712e-01
1.610000e+00	1.615000e+00	1.620000e+00	4.964195e-01
1.620000e+00	1.625000e+00	1.630000e+00	4.877396e-01
1.630000e+00	1.635000e+00	1.640000e+00	4.789804e-01
1.640000e+00	1.645000e+00	1.650000e+00	4.701909e-01
1.650000e+00	1.655000e+00	1.660000e+00	4.614201e-01
1.660000e+00	1.665000e+00	1.670000e+00	4.527169e-01
1.670000e+00	1.675000e+00	1.680000e+00	4.441302e-01
1.680000e+00	1.685000e+00	1.690000e+00	4.357089e-01
1.690000e+00	1.695000e+00	1.700000e+00	4.275022e-01
1.700000e+00	1.705000e+00	1.710000e+00	4.195588e-01
1.710000e+00	1.715000e+00	1.720000e+00	4.119047e-01
1.720000e+00	1.725000e+00	1.730000e+00	4.044740e-01
1.730000e+00	1.735000e+00	1.740000e+00	3.971775e-01
1.740000e+00	1.745000e+00	1.750000e+00	3.899263e-01
1.750000e+00	1.755000e+00	1.760000e+00	3.826314e-01
1.760000e+00	1.765000e+00	1.770000e+00	3.752038e-01
1.770000e+00	1.775000e+00	1.780000e+00	3.675543e-01
1.780000e+00	1.785000e+00	1.790000e+00	3.595941e-01
1.790000e+00	1.795000e+00	1.800000e+00	3.512341e-01
1.800000e+00	1.805000e+00	1.810000e+00	3.423853e-01
1.810000e+00	1.815000e+00	1.820000e+00	3.329899e-01
1.820000e+00	1.825000e+00	1.830000e+00	3.231148e-01
1.830000e+00	1.835000e+00	1.840000e+00	3.128583e-01
1.840000e+00	1.845000e+00	1.850000e+00	3.023187e-01
1.850000e+00	1.855000e+00	1.860000e+00	2.915941e-01
1.860000e+00	1.865000e+00	1.870000e+00	2.807828e-01
1.870000e+00	1.875000e+00	1.880000e+00	2.699830e-01
1.880000e+00	1.885000e+00	1.890000e+00	2.592928e-01
1.890000e+00	1.895000e+00	1.900000e+00	2.488106e-01
1.900000e+00	1.905000e+00	1.910000e+00	2.386345e-01
1.910000e+00	1.915000e+00	1.920000e+00	2.288600e-01
1.920000e+00	1.925000e+00	1.930000e+00	2.195716e-01
1.930000e+00	1.935000e+00	1.940000e+00	2.108511e-01
1.940000e+00	1.945000e+00	1.950000e+00	2.027802e-01
1.950000e+00	1.955000e+00	1.960000e+00	1.954407e-01
1.960000e+00	1.965000e+00	1.970000e+00	1.889143e-01
1.970000e+00	1.975000e+00	1.980000e+00	1.832828e-01
1.980000e+00	1.985000e+00	1.990000e+00	1.786280e-01
1.990000e+00	1.995000e+00	2.000000e+00	1.750315e-01
2.000000e+00	2.005000e+00	2.010000e+00	1.725752e-01
2.010000e+00	2.015000e+00	2.020000e+00	1.712988e-01
2.020000e+00	2.025000e+00	2.030000e+00	1.710741e-01
2.030000e+00	2.035000e+00	2.040000e+00	1.717308e-01
2.040000e+00	2.045000e+00	2.050000e+00	1.730987e-01
2.050000e+00	2.055000e+00	2.060000e+00	1.750075e-01
2.060000e+00	2.065000e+00	2.070000e+00	1.772871e-01
2.070000e+00	2.075000e+00	2.080000e+00	1.797671e-01
2.080000e+00	2.085000e+00	2.090000e+00	1.822774e-01
2.090000e+00	2.095000e+00	2.100000e+00	1.846477e-01
2.100000e+00	2.105000e+00	2.110000e+00	1.867077e-01
2.110000e+00	2.115000e+00	2.120000e+00	1.883204e-01
2.120000e+00	2.125000e+00	2.130000e+00	1.894812e-01
2.130000e+00	2.135000e+00	2.140000e+00	1.902188e-01
2.140000e+00	2.145000e+00	2.150000e+00	1.905619e-01
2.150000e+00	2.155000e+00	2.160000e+00	1.905389e-01
2.160000e+00	2.165000e+00	2.170000e+00	1.901787e-01
2.170000e+00	2.175000e+00	2.180000e+00	1.895097e-01
2.180000e+00	2.185000e+00	2.190000e+00	1.885607e-01
2.190000e+00	2.195000e+00	2.200000e+00	1.873603e-01
2.200000e+00	2.205000e+00	2.210000e+00	1.859370e-01
2.210000e+00	2.215000e+00	2.220000e+00	1.843176e-01
2.220000e+00	2.225000e+00	2.230000e+00	1.825203e-01
2.230000e+00	2.235000e+00	2.240000e+00	1.805616e-01
2.240000e+00	2.245000e+00	2.250000e+00	1.784579e-01
2.250000e+00	2.255000e+00	2.260000e+00	1.762255e-01
2.260000e+00	2.265000e+00	2.270000e+00	1.738807e-01
2.270000e+00	2.275000e+00	2.280000e+00	1.714400e-01
2.280000e+00	2.285000e+00	2.290000e+00	1.689197e-01
2.290000e+00	2.295000e+00	2.300000e+00	1.663361e-01
2.300000e+00	2.305000e+00	2.310000e+00	1.637057e-01
2.310000e+00	2.315000e+00	2.320000e+00	1.610432e-01
2.320000e+00	2.325000e+00	2.330000e+00	1.583564e-01
2.330000e+00	2.335000e+00	2.340000e+00	1.556518e-01
2.340000e+00	2.345000e+00	2.350000e+00	1.529355e-01
2.350000e+00	2.355000e+00	2.360000e+00	1.502140e-01
2.360000e+00	2.365000e+00	2.370000e+00	1.474936e-01
2.370000e+00	2.375000e+00	2.380000e+00	1.447804e-01
2.380000e+00	2.385000e+00	2.390000e+00	1.420809e-01
2.390000e+00	2.395000e+00	2.400000e+00	1.394013e-01
2.400000e+00	2.405000e+00	2.410000e+00	1.367479e-01
2.410000e+00	2.415000e+00	2.420000e+00	1.341258e-01
2.420000e+00	2.425000e+00	2.430000e+00	1.315353e-01
2.430000e+00	2.435000e+00	2.440000e+00	1.289755e-01
2.440000e+00	2.445000e+00	2.450000e+00	1.264453e-01
2.450000e+00	2.455000e+00	2.460000e+00	1.239438e-01
2.460000e+00	2.465000e+00	2.470000e+00	1.214701e-01
2.470000e+00	2.475000e+00	2.480000e+00	1.190232e-01
2.480000e+00	2.485000e+00	2.490000e+00	1.166022e-01
2.490000e+00	2.495000e+00	2.500000e+00	1.142061e-01
2.500000e+00	2.505000e+00	2.510000e+00	1.118339e-01
2.510000e+00	2.515000e+00	2.520000e+00	1.094855e-01
2.520000e+00	2.525000e+00	2.530000e+00	1.071634e-01
2.530000e+00	2.535000e+00	2.540000e+00	1.048709e-01
2.540000e+00	2.545000e+00	2.550000e+00	1.026115e-01
2.550000e+00	2.555000e+00	2.560000e+00	1.003883e-01
2.560000e+00	2.565000e+00	2.570000e+00	9.820478e-02
2.570000e+00	2.575000e+00	2.580000e+00	9.606424e-02
2.580000e+00	2.585000e+00	2.590000e+00	9.396998e-02
2.590000e+00	2.595000e+00	2.600000e+00	9.192535e-02
2.600000e+00	2.605000e+00	2.610000e+00	8.993367e-02
2.610000e+00	2.615000e+00	2.620000e+00	8.799599e-02
2.620000e+00	2.625000e+00	2.630000e+00	8.610431e-02
2.630000e+00	2.635000e+00	2.640000e+00	8.424833e-02
2.640000e+00	2.645000e+00	2.650000e+00	8.241777e-02
2.650000e+00	2.655000e+00	2.660000e+00	8.060234e-02
2.660000e+00	2.665000e+00	2.670000e+00	7.879177e-02
2.670000e+00	2.675000e+00	2.680000e+00	7.697575e-02
2.680000e+00	2.685000e+00	2.690000e+00	7.514402e-02
2.690000e+00	2.695000e+00	2.700000e+00	7.328628e-02
2.700000e+00	2.705000e+00	2.710000e+00	7.139225e-02
2.710000e+00	2.715000e+00	2.720000e+00	6.945513e-02
2.720000e+00	2.725000e+00	2.730000e+00	6.748215e-02
2.730000e+00	2.735000e+00	2.740000e+00	6.548400e-02
2.740000e+00	2.745000e+00	2.750000e+00	6.347140e-02
2.750000e+00	2.755000e+00	2.760000e+00	6.145504e-02
2.760000e+00	2.765000e+00	2.770000e+00	5.944563e-02
2.770000e+00	2.775000e+00	2.780000e+00	5.745389e-02
2.780000e+00	2.785000e+00	2.790000e+00	5.549052e-02
2.790000e+00	2.795000e+00	2.800000e+00	5.356621e-02
2.800000e+00	2.805000e+00	2.810000e+00	5.169169e-02
2.810000e+00	2.815000e+00	2.820000e+00	4.987680e-02
2.820000e+00	2.825000e+00	2.830000e+00	4.812794e-02
2.830000e+00	2.835000e+00	2.840000e+00	4.645065e-02
2.840000e+00	2.845000e+00	2.850000e+00	4.485049e-02
2.850000e+00	2.855000e+00	2.860000e+00	4.333299e-02
2.860000e+00	2.865000e+00	2.870000e+00	4.190371e-02
2.870000e+00	2.875000e+00	2.880000e+00	4.056818e-02
2.880000e+00	2.885000e+00	2.890000e+00	3.933196e-02
2.890000e+00	2.895000e+00	2.900000e+00	3.820058e-02
2.900000e+00	2.905000e+00	2.910000e+00	3.717960e-02
2.910000e+00	2.915000e+00	2.920000e+00	3.627168e-02
2.920000e+00	2.925000e+00	2.930000e+00	3.546795e-02
2.930000e+00	2.935000e+00	2.940000e+00	3.475669e-02
2.940000e+00	2.945000e+00	2.950000e+00	3.412615e-02
2.950000e+00	2.955000e+00	2.960000e+00	3.356460e-02
2.960000e+00	2.965000e+00	2.970000e+00	3.306030e-02
2.970000e+00	2.975000e+00	2.980000e+00	3.260150e-02
2.980000e+00	2.985000e+00	2.990000e+00	3.217648e-02
2.990000e+00	2.995000e+00	3.000000e+00	3.177349e-02
3.000000e+00	3.005000e+00	3.010000e+00	3.138080e-02
3.010000e+00	3.015000e+00	3.020000e+00	3.098879e-02
3.020000e+00	3.025000e+00	3.030000e+00	3.059637e-02
3.030000e+00	3.035000e+00	3.040000e+00	3.020457e-02
3.040000e+00	3.045000e+00	3.050000e+00	2.981442e-02
3.050000e+00	3.055000e+00	3.060000e+00	2.942695e-02
3.060000e+00	3.065000e+00	3.070000e+00	2.904319e-02
3.070000e+00	3.075000e+00	3.080000e+00	2.866417e-02
3.080000e+00	3.085000e+00	3.090000e+00	2.829092e-02
3.090000e+00	3.095000e+00	3.100000e+00	2.792447e-02
3.100000e+00	3.105000e+00	3.110000e+00	2.756585e-02
3.110000e+00	3.115000e+00	3.120000e+00	2.721556e-02
3.120000e+00	3.125000e+00	3.130000e+00	2.687190e-02
3.130000e+00	3.135000e+00	3.140000e+00	2.653266e-02
3.140000e+00	3.145000e+00	3.150000e+00	2.619560e-02
3.150000e+00	3.155000e+00	3.160000e+00	2.585852e-02
3.160000e+00	3.165000e+00	3.170000e+00	2.551918e-02
3.170000e+00	3.175000e+00	3.180000e+00	2.517536e-02
3.180000e+00	3.185000e+00	3.190000e+00	2.482483e-02
3.190000e+00	3.195000e+00	3.200000e+00	2.446538e-02
3.200000e+00	3.205000e+00	3.210000e+00	2.409477e-02
3.210000e+00	3.215000e+00	3.220000e+00	2.371142e-02
3.220000e+00	3.225000e+00	3.230000e+00	2.331627e-02
3.230000e+00	3.235000e+00	3.240000e+00	2.291089e-02
3.240000e+00	3.245000e+00	3.250000e+00	2.249686e-02
3.250000e+00	3.255000e+00	3.260000e+00	2.207573e-02
3.260000e+00	3.265000e+00	3.270000e+00	2.164910e-02
3.270000e+00	3.275000e+00	3.280000e+00	2.121854e-02
3.280000e+00	3.285000e+00	3.290000e+00	2.078560e-02
3.290000e+00	3.295000e+00	3.300000e+00	2.035188e-02
3.300000e+00	3.305000e+00	3.310000e+00	1.991894e-02
3.310000e+00	3.315000e+00	3.320000e+00	1.948822e-02
3.320000e+00	3.325000e+00	3.330000e+00	1.906064e-02
3.330000e+00	3.335000e+00	3.340000e+00	1.863698e-02
3.340000e+00	3.345000e+00	3.350000e+00	1.821803e-02
3.350000e+00	3.355000e+00	3.360000e+00	1.780456e-02
3.360000e+00	3.365000e+00	3.370000e+00	1.739736e-02
3.370000e+00	3.375000e+00	3.380000e+00	1.699722e-02
3.380000e+00	3.385000e+00	3.390000e+00	1.660491e-02
3.390000e+00	3.395000e+00	3.400000e+00	1.622123e-02
3.400000e+00	3.405000e+00	3.410000e+00	1.584694e-02
3.410000e+00	3.415000e+00	3.420000e+00	1.548262e-02
3.420000e+00	3.425000e+00	3.430000e+00	1.512792e-02
3.430000e+00	3.435000e+00	3.440000e+00	1.478227e-02
3.440000e+00	3.445000e+00	3.450000e+00	1.444511e-02
3.450000e+00	3.455000e+00	3.460000e+00	1.411587e-02
3.460000e+00	3.465000e+00	3.470000e+00	1.379398e-02
3.470000e+00	3.475000e+00	3.480000e+00	1.347888e-02
3.480000e+00	3.485000e+00	3.490000e+00	1.317000e-02
3.490000e+00	3.495000e+00	3.500000e+00	1.286677e-02
3.500000e+00	3.505000e+00	3.510000e+00	1.256864e-02
3.510000e+00	3.515000e+00	3.520000e+00	1.227510e-02
3.520000e+00	3.525000e+00	3.530000e+00	1.198599e-02
3.530000e+00	3.535000e+00	3.540000e+00	1.170120e-02
3.540000e+00	3.545000e+00	3.550000e+00	1.142062e-02
3.550000e+00	3.555000e+00	3.560000e+00	1.114417e-02
3.560000e+00	3.565000e+00	3.570000e+00	1.087173e-02
3.570000e+00	3.575000e+00	3.580000e+00	1.060322e-02
3.580000e+00	3.585000e+00	3.590000e+00	1.033852e-02
3.590000e+00	3.595000e+00	3.600000e+00	1.007753e-02
3.600000e+00	3.605000e+00	3.610000e+00	9.820165e-03
3.610000e+00	3.615000e+00	3.620000e+00	9.566324e-03
3.620000e+00	3.625000e+00	3.630000e+00	9.315965e-03
3.630000e+00	3.635000e+00	3.640000e+00	9.069054e-03
3.640000e+00	3.645000e+00	3.650000e+00	8.825556e-03
3.650000e+00	3.655000e+00	3.660000e+00	8.585439e-03
3.660000e+00	3.665000e+00	3.670000e+00	8.348668e-03
3.670000e+00	3.675000e+00	3.680000e+00	8.115209e-03
3.680000e+00	3.685000e+00	3.690000e+00	7.885029e-03
3.690000e+00	3.695000e+00	3.700000e+00	7.658095e-03
3.700000e+00	3.705000e+00	3.710000e+00	7.434371e-03
3.710000e+00	3.715000e+00	3.720000e+00	7.213944e-03
3.720000e+00	3.725000e+00	3.730000e+00	6.997368e-03
3.730000e+00	3.735000e+00	3.740000e+00	6.785320e-03
3.740000e+00	3.745000e+00	3.750000e+00	6.578474e-03
3.750000e+00	3.755000e+00	3.760000e+00	6.377506e-03
3.760000e+00	3.765000e+00	3.770000e+00	6.183089e-03
3.770000e+00	3.775000e+00	3.780000e+00	5.995899e-03
3.780000e+00	3.785000e+00	3.790000e+00	5.816612e-03
3.790000e+00	3.795000e+00	3.800000e+00	5.645901e-03
3.800000e+00	3.805000e+00	3.810000e+00	5.484442e-03
3.810000e+00	3.815000e+00	3.820000e+00	5.332909e-03
3.820000e+00	3.825000e+00	3.830000e+00	5.191979e-03
3.830000e+00	3.835000e+00	3.840000e+00	5.062325e-03
3.840000e+00	3.845000e+00	3.850000e+00	4.944622e-03
3.850000e+00	3.855000e+00	3.860000e+00	4.839546e-03
3.860000e+00	3.865000e+00	3.870000e+00	4.747771e-03
3.870000e+00	3.875000e+00	3.880000e+00	4.669972e-03
3.880000e+00	3.885000e+00	3.890000e+00	4.606825e-03
3.890000e+00	3.895000e+00	3.900000e+00	4.559004e-03
3.900000e+00	3.905000e+00	3.910000e+00	4.527184e-03
3.910000e+00	3.915000e+00	3.920000e+00	4.512039e-03
3.920000e+00	3.925000e+00	3.930000e+00	4.514246e-03
3.930000e+00	3.935000e+00	3.940000e+00	4.534479e-03
3.940000e+00	3.945000e+00	3.950000e+00	4.573412e-03
3.950000e+00	3.955000e+00	3.960000e+00	4.631721e-03
3.960000e+00	3.965000e+00	3.970000e+00	4.710080e-03
3.970000e+00	3.975000e+00	3.980000e+00	4.809166e-03
3.980000e+00	3.985000e+00	3.990000e+00	4.929651e-03
3.990000e+00	3.995000e+00	4.000000e+00	5.072212e-03
