0.000000e+00 1.000000e-02 2.000000e-02 2.831344e-01
2.000000e-02 3.000000e-02 4.000000e-02 1.682315e+00
4.000000e-02 5.000000e-02 6.000000e-02 3.141420e+00
6.000000e-02 7.000000e-02 8.000000e-02 4.180026e+00
8.000000e-02 9.000000e-02 1.000000e-01 4.722923e+00
1.000000e-01 1.100000e-01 1.200000e-01 4.847267e+00
1.200000e-01 1.300000e-01 1.400000e-01 4.670799e+00
1.400000e-01 1.500000e-01 1.600000e-01 4.305175e+00
1.600000e-01 1.700000e-01 1.800000e-01 3.839783e+00
1.800000e-01 1.900000e-01 2.000000e-01 3.339268e+00
2.000000e-01 2.100000e-01 2.200000e-01 2.846595e+00
2.200000e-01 2.300000e-01 2.400000e-01 2.387767e+00
2.400000e-01 2.500000e-01 2.600000e-01 1.976458e+00
2.600000e-01 2.700000e-01 2.800000e-01 1.617928e+00
2.800000e-01 2.900000e-01 3.000000e-01 1.312035e+00
3.000000e-01 3.100000e-01 3.200000e-01 1.055439e+00
3.200000e-01 3.300000e-01 3.400000e-01 8.431339e-01
3.400000e-01 3.500000e-01 3.600000e-01 6.694593e-01
3.600000e-01 3.700000e-01 3.800000e-01 5.287341e-01
3.800000e-01 3.900000e-01 4.000000e-01 4.156282e-01
4.000000e-01 4.100000e-01 4.200000e-01 3.253529e-01
4.200000e-01 4.300000e-01 4.400000e-01 2.537348e-01
4.400000e-01 4.500000e-01 4.600000e-01 1.972183e-01
4.600000e-01 4.700000e-01 4.800000e-01 1.528270e-01
4.800000e-01 4.900000e-01 5.000000e-01 1.181038e-01
5.000000e-01 5.100000e-01 5.200000e-01 9.104314e-02
5.200000e-01 5.300000e-01 5.400000e-01 7.002399e-02
5.400000e-01 5.500000e-01 5.600000e-01 5.374617e-02
5.600000e-01 5.700000e-01 5.800000e-01 4.117415e-02
5.800000e-01 5.900000e-01 6.000000e-01 3.148802e-02
