      0.00000   0.00693980    0.0138796       0.0000000
    0.0138796    0.0208194    0.0277592       0.0000000
    0.0277592    0.0346990    0.0416388       0.0000000
    0.0416388    0.0485786    0.0555184       0.0000000
    0.0555184    0.0624582    0.0693980       0.0000000
    0.0693980    0.0763378    0.0832776       0.0000000
    0.0832776    0.0902174    0.0971572       0.0000000
    0.0971572     0.104097     0.111037       0.0000000
     0.111037     0.117977     0.124916       0.0000000
     0.124916     0.131856     0.138796       0.0000000
     0.138796     0.145736     0.152676       0.0000000
     0.152676     0.159615     0.166555       0.0000000
     0.166555     0.173495     0.180435       0.0000000
     0.180435     0.187375     0.194314       0.0000000
     0.194314     0.201254     0.208194       0.0000000
     0.208194     0.215134     0.222074       0.0000000
     0.222074     0.229013     0.235953       0.0000000
     0.235953     0.242893     0.249833       0.0000000
     0.249833     0.256773     0.263712       0.0000000
     0.263712     0.270652     0.277592       0.0000000
     0.277592     0.284532     0.291472       0.0000000
     0.291472     0.298411     0.305351       0.0000000
     0.305351     0.312291     0.319231       0.0000000
     0.319231     0.326171     0.333110       0.0000000
     0.333110     0.340050     0.346990       0.0000000
     0.346990     0.353930     0.360870       0.0000000
     0.360870     0.367809     0.374749       0.0000000
     0.374749     0.381689     0.388629       0.0000000
     0.388629     0.395569     0.402508       0.0000000
     0.402508     0.409448     0.416388       0.0000000
     0.416388     0.423328     0.430268       0.0000000
     0.430268     0.437207     0.444147       0.0000000
     0.444147     0.451087     0.458027       0.0000000
     0.458027     0.464967     0.471906       0.0000000
     0.471906     0.478846     0.485786       0.0000000
     0.485786     0.492726     0.499666       0.0000000
     0.499666     0.506605     0.513545       0.0000000
     0.513545     0.520485     0.527425       0.0000000
     0.527425     0.534365     0.541304       0.0000000
     0.541304     0.548244     0.555184       0.0000000
     0.555184     0.562124     0.569064     0.044275738
     0.569064     0.576003     0.582943     0.045431152
     0.582943     0.589883     0.596823     0.046586573
     0.596823     0.603763     0.610702     0.047741998
     0.610702     0.617642     0.624582     0.048897412
     0.624582     0.631522     0.638462     0.050052837
     0.638462     0.645401     0.652341     0.051208258
     0.652341     0.659281     0.666221     0.052154019
     0.666221     0.673161     0.680100     0.052066512
     0.680100     0.687040     0.693980     0.051979009
     0.693980     0.700920     0.707860     0.051891506
     0.707860     0.714799     0.721739     0.051803999
     0.721739     0.728679     0.735619     0.051716495
     0.735619     0.742559     0.749498     0.051628988
     0.749498     0.756438     0.763378     0.051541485
     0.763378     0.770318     0.777258     0.050605007
     0.777258     0.784197     0.791137     0.049636699
     0.791137     0.798077     0.805017     0.048668392
     0.805017     0.811957     0.818896     0.047700085
     0.818896     0.825836     0.832776     0.046731774
     0.832776     0.839716     0.846656     0.045763470
     0.846656     0.853595     0.860535     0.044795159
     0.860535     0.867475     0.874415     0.043543380
     0.874415     0.881355     0.888294     0.042201616
     0.888294     0.895234     0.902174     0.040859852
     0.902174     0.909114     0.916054     0.039518092
     0.916054     0.922993     0.929933     0.038176328
     0.929933     0.936873     0.943813     0.036834557
     0.943813     0.950753     0.957692     0.035492793
     0.957692     0.964632     0.971572     0.034158949
     0.971572     0.978512     0.985452     0.032831486
     0.985452     0.992392     0.999331     0.031504001
     0.999331      1.00627      1.01321     0.030176532
      1.01321      1.02015      1.02709     0.028849060
      1.02709      1.03403      1.04097     0.027521595
      1.04097      1.04791      1.05485     0.026194129
      1.05485      1.06179      1.06873     0.024942484
      1.06873      1.07567      1.08261     0.023832038
      1.08261      1.08955      1.09649     0.022721602
      1.09649      1.10343      1.11037     0.021611156
      1.11037      1.11731      1.12425     0.020500710
      1.12425      1.13119      1.13813     0.019390274
      1.13813      1.14507      1.15201     0.018279837
      1.15201      1.15895      1.16589     0.017209146
      1.16589      1.17283      1.17977     0.016373646
      1.17977      1.18671      1.19365     0.015538138
      1.19365      1.20059      1.20753     0.014702631
      1.20753      1.21447      1.22140     0.013867131
      1.22140      1.22834      1.23528     0.013031631
      1.23528      1.24222      1.24916     0.012196124
      1.24916      1.25610      1.26304     0.011360616
      1.26304      1.26998      1.27692     0.010761882
      1.27692      1.28386      1.29080     0.010178317
      1.29080      1.29774      1.30468    0.0095947571
      1.30468      1.31162      1.31856    0.0090111913
      1.31856      1.32550      1.33244    0.0084276311
      1.33244      1.33938      1.34632    0.0078440653
      1.34632      1.35326      1.36020    0.0072605046
      1.36020      1.36714      1.37408    0.0068224310
      1.37408      1.38102      1.38796    0.0064368164
      1.38796      1.39490      1.40184    0.0060512088
      1.40184      1.40878      1.41572    0.0056656008
      1.41572      1.42266      1.42960    0.0052799894
      1.42960      1.43654      1.44348    0.0048943781
      1.44348      1.45042      1.45736    0.0045087701
      1.45736      1.46430      1.47124    0.0041981703
      1.47124      1.47818      1.48512    0.0039540557
      1.48512      1.49206      1.49900    0.0037099409
      1.49900      1.50594      1.51288    0.0034658243
      1.51288      1.51982      1.52676    0.0032217079
      1.52676      1.53370      1.54064    0.0029775933
      1.54064      1.54758      1.55452    0.0027334788
      1.55452      1.56146      1.56839    0.0025201829
      1.56839      1.57533      1.58227    0.0023708064
      1.58227      1.58921      1.59615    0.0022214316
      1.59615      1.60309      1.61003    0.0020720551
      1.61003      1.61697      1.62391    0.0019226802
      1.62391      1.63085      1.63779    0.0017733040
      1.63779      1.64473      1.65167    0.0016239276
      1.65167      1.65861      1.66555    0.0014818368
      1.66555      1.67249      1.67943    0.0013929103
      1.67943      1.68637      1.69331    0.0013039829
      1.69331      1.70025      1.70719    0.0012150557
      1.70719      1.71413      1.72107    0.0011261292
      1.72107      1.72801      1.73495    0.0010372018
      1.73495      1.74189      1.74883   0.00094827532
      1.74883      1.75577      1.76271   0.00085934805
      1.76271      1.76965      1.77659   0.00080445176
      1.77659      1.78353      1.79047   0.00075268769
      1.79047      1.79741      1.80435   0.00070092408
      1.80435      1.81129      1.81823   0.00064916129
      1.81823      1.82517      1.83211   0.00059739721
      1.83211      1.83905      1.84599   0.00054563448
      1.84599      1.85293      1.85987   0.00049387082
      1.85987      1.86681      1.87375   0.00045788038
      1.87375      1.88069      1.88763   0.00042830591
      1.88763      1.89457      1.90151   0.00039873118
      1.90151      1.90845      1.91538   0.00036915671
      1.91538      1.92232      1.92926   0.00033958195
      1.92926      1.93620      1.94314   0.00031000719
      1.94314      1.95008      1.95702   0.00028043299
      1.95702      1.96396      1.97090   0.00025740531
      1.97090      1.97784      1.98478   0.00024076858
      1.98478      1.99172      1.99866   0.00022413215
      1.99866      2.00560      2.01254   0.00020749531
      2.01254      2.01948      2.02642   0.00019085887
      2.02642      2.03336      2.04030   0.00017422202
      2.04030      2.04724      2.05418   0.00015758545
      2.05418      2.06112      2.06806   0.00014317784
      2.06806      2.07500      2.08194   0.00013394066
      2.08194      2.08888      2.09582   0.00012470379
      2.09582      2.10276      2.10970   0.00011546661
      2.10970      2.11664      2.12358   0.00010622959
      2.12358      2.13052      2.13746   9.6992560e-05
      2.13746      2.14440      2.15134   8.7755383e-05
      2.15134      2.15828      2.16522   7.8919904e-05
      2.16522      2.17216      2.17910   7.3847536e-05
      2.17910      2.18604      2.19298   6.8775073e-05
      2.19298      2.19992      2.20686   6.3702704e-05
      2.20686      2.21380      2.22074   5.8630336e-05
      2.22074      2.22768      2.23462   5.3557880e-05
      2.23462      2.24156      2.24850   4.8485595e-05
      2.24850      2.25544      2.26237   4.3413140e-05
      2.26237      2.26931      2.27625   4.0402923e-05
      2.27625      2.28319      2.29013   3.7643447e-05
      2.29013      2.29707      2.30401   3.4883920e-05
      2.30401      2.31095      2.31789   3.2124441e-05
      2.31789      2.32483      2.33177   2.9364965e-05
      2.33177      2.33871      2.34565   2.6605485e-05
      2.34565      2.35259      2.35953   2.3845958e-05
      2.35953      2.36647      2.37341   2.1958782e-05
      2.37341      2.38035      2.38729   2.0469462e-05
      2.38729      2.39423      2.40117   1.8980118e-05
      2.40117      2.40811      2.41505   1.7490825e-05
      2.41505      2.42199      2.42893   1.6001481e-05
      2.42893      2.43587      2.44281   1.4512136e-05
      2.44281      2.44975      2.45669   1.3022844e-05
      2.45669      2.46363      2.47057   1.1866503e-05
      2.47057      2.47751      2.48445   1.1068130e-05
      2.48445      2.49139      2.49833   1.0269758e-05
      2.49833      2.50527      2.51221   9.4713705e-06
      2.51221      2.51915      2.52609   8.6729988e-06
      2.52609      2.53303      2.53997   7.8746252e-06
      2.53997      2.54691      2.55385   7.0762389e-06
      2.55385      2.56079      2.56773   6.3811999e-06
      2.56773      2.57467      2.58161   5.9556783e-06
      2.58161      2.58855      2.59549   5.5301566e-06
      2.59549      2.60243      2.60936   5.1046345e-06
      2.60936      2.61630      2.62324   4.6791056e-06
      2.62324      2.63018      2.63712   4.2535839e-06
      2.63712      2.64406      2.65100   3.8280623e-06
      2.65100      2.65794      2.66488   3.4169889e-06
      2.66488      2.67182      2.67876   3.1913028e-06
      2.67876      2.68570      2.69264   2.9656208e-06
      2.69264      2.69958      2.70652   2.7399385e-06
      2.70652      2.71346      2.72040   2.5142524e-06
      2.72040      2.72734      2.73428   2.2885743e-06
      2.73428      2.74122      2.74816   2.0628881e-06
      2.74816      2.75510      2.76204   1.8372021e-06
      2.76204      2.76898      2.77592   1.7038992e-06
      2.77592      2.78286      2.78980   1.5847007e-06
      2.78980      2.79674      2.80368   1.4655043e-06
      2.80368      2.81062      2.81756   1.3463077e-06
      2.81756      2.82450      2.83144   1.2271094e-06
      2.83144      2.83838      2.84532   1.1079128e-06
      2.84532      2.85226      2.85920   9.8871635e-07
      2.85920      2.86614      2.87308   9.0693732e-07
      2.87308      2.88002      2.88696   8.4420617e-07
      2.88696      2.89390      2.90084   7.8147514e-07
      2.90084      2.90778      2.91472   7.1874399e-07
      2.91472      2.92166      2.92860   6.5601182e-07
      2.92860      2.93554      2.94248   5.9328073e-07
      2.94248      2.94942      2.95635   5.3054964e-07
      2.95635      2.96329      2.97023   4.8146973e-07
      2.97023      2.97717      2.98411   4.4855423e-07
      2.98411      2.99105      2.99799   4.1563817e-07
      2.99799      3.00493      3.01187   3.8272270e-07
      3.01187      3.01881      3.02575   3.4980718e-07
      3.02575      3.03269      3.03963   3.1689115e-07
      3.03963      3.04657      3.05351   2.8397622e-07
      3.05351      3.06045      3.06739   2.5502987e-07
      3.06739      3.07433      3.08127   2.3780188e-07
      3.08127      3.08821      3.09515   2.2057448e-07
      3.09515      3.10209      3.10903   2.0334649e-07
      3.10903      3.11597      3.12291   1.8611880e-07
      3.12291      3.12985      3.13679   1.6889109e-07
      3.13679      3.14373      3.15067   1.5166309e-07
      3.15067      3.15761      3.16455   1.3483222e-07
      3.16455      3.17149      3.17843   1.2583442e-07
      3.17843      3.18537      3.19231   1.1683646e-07
      3.19231      3.19925      3.20619   1.0783866e-07
      3.20619      3.21313      3.22007   9.8840857e-08
      3.22007      3.22701      3.23395   8.9843049e-08
      3.23395      3.24089      3.24783   8.0845091e-08
      3.24783      3.25477      3.26171   7.1847289e-08
      3.26171      3.26865      3.27559   6.6481626e-08
      3.27559      3.28253      3.28947   6.1790246e-08
      3.28947      3.29641      3.30334   5.7099022e-08
      3.30334      3.31028      3.31722   5.2407643e-08
      3.31722      3.32416      3.33110   4.7716341e-08
      3.33110      3.33804      3.34498   4.3025040e-08
      3.34498      3.35192      3.35886   3.8333660e-08
      3.35886      3.36580      3.37274   3.5078436e-08
      3.37274      3.37968      3.38662   3.2635928e-08
      3.38662      3.39356      3.40050   3.0193380e-08
      3.40050      3.40744      3.41438   2.7750914e-08
      3.41438      3.42132      3.42826   2.5308365e-08
      3.42826      3.43520      3.44214   2.2865816e-08
      3.44214      3.44908      3.45602   2.0423309e-08
      3.45602      3.46296      3.46990   1.8489315e-08
      3.46990      3.47684      3.48378   1.7219042e-08
      3.48378      3.49072      3.49766   1.5948793e-08
      3.49766      3.50460      3.51154   1.4678520e-08
      3.51154      3.51848      3.52542   1.3408247e-08
      3.52542      3.53236      3.53930   1.2138040e-08
      3.53930      3.54624      3.55318   1.0867767e-08
      3.55318      3.56012      3.56706   9.7372155e-09
      3.56706      3.57400      3.58094   9.0771994e-09
      3.58094      3.58788      3.59482   8.4171718e-09
      3.59482      3.60176      3.60870   7.7571674e-09
      3.60870      3.61564      3.62258   7.0971513e-09
      3.62258      3.62952      3.63646   6.4371246e-09
      3.63646      3.64340      3.65034   5.7770970e-09
      3.65034      3.65727      3.66421   5.1247393e-09
      3.66421      3.67115      3.67809   4.7820272e-09
      3.67809      3.68503      3.69197   4.4393040e-09
      3.69197      3.69891      3.70585   4.0965862e-09
      3.70585      3.71279      3.71973   3.7538630e-09
      3.71973      3.72667      3.73361   3.4111451e-09
      3.73361      3.74055      3.74749   3.0684333e-09
      3.74749      3.75443      3.76137   2.7257099e-09
      3.76137      3.76831      3.77525   2.5180444e-09
      3.77525      3.78219      3.78913   2.3401607e-09
      3.78913      3.79607      3.80301   2.1622770e-09
      3.80301      3.80995      3.81689   1.9843993e-09
      3.81689      3.82383      3.83077   1.8065187e-09
      3.83077      3.83771      3.84465   1.6286350e-09
      3.84465      3.85159      3.85853   1.4507543e-09
      3.85853      3.86547      3.87241   1.3254631e-09
      3.87241      3.87935      3.88629   1.2331647e-09
      3.88629      3.89323      3.90017   1.1408710e-09
      3.90017      3.90711      3.91405   1.0485726e-09
      3.91405      3.92099      3.92793   9.5627406e-10
      3.92793      3.93487      3.94181   8.6397722e-10
      3.94181      3.94875      3.95569   7.7167878e-10
      3.95569      3.96263      3.96957   6.9757800e-10
      3.96957      3.97651      3.98345   6.4969347e-10
      3.98345      3.99039      3.99732   6.0180816e-10
      3.99733      4.00426      4.01120   5.5392285e-10
      4.01120      4.01814      4.02508   5.0603838e-10
      4.02508      4.03202      4.03896   4.5815471e-10
      4.03896      4.04590      4.05284   4.1026940e-10
      4.05284      4.05978      4.06672   3.6710432e-10
      4.06672      4.07366      4.08060   3.4226139e-10
      4.08060      4.08754      4.09448   3.1741759e-10
      4.09448      4.10142      4.10836   2.9257469e-10
      4.10836      4.11530      4.12224   2.6773089e-10
      4.12224      4.12918      4.13612   2.4288713e-10
      4.13612      4.14306      4.15000   2.1804333e-10
      4.15000      4.15694      4.16388   1.9320040e-10
