0.000000e+00 1.000000e-02 2.000000e-02 3.578582e-01
2.000000e-02 3.000000e-02 4.000000e-02 2.006780e+00
4.000000e-02 5.000000e-02 6.000000e-02 3.587665e+00
6.000000e-02 7.000000e-02 8.000000e-02 4.604468e+00
8.000000e-02 9.000000e-02 1.000000e-01 5.042882e+00
1.000000e-01 1.100000e-01 1.200000e-01 5.035413e+00
1.200000e-01 1.300000e-01 1.400000e-01 4.734434e+00
1.400000e-01 1.500000e-01 1.600000e-01 4.268266e+00
1.600000e-01 1.700000e-01 1.800000e-01 3.731098e+00
1.800000e-01 1.900000e-01 2.000000e-01 3.185787e+00
2.000000e-01 2.100000e-01 2.200000e-01 2.670547e+00
2.200000e-01 2.300000e-01 2.400000e-01 2.205848e+00
2.400000e-01 2.500000e-01 2.600000e-01 1.800201e+00
2.600000e-01 2.700000e-01 2.800000e-01 1.454564e+00
2.800000e-01 2.900000e-01 3.000000e-01 1.165488e+00
3.000000e-01 3.100000e-01 3.200000e-01 9.272528e-01
3.200000e-01 3.300000e-01 3.400000e-01 7.332415e-01
3.400000e-01 3.500000e-01 3.600000e-01 5.767877e-01
3.600000e-01 3.700000e-01 3.800000e-01 4.516512e-01
3.800000e-01 3.900000e-01 4.000000e-01 3.522548e-01
4.000000e-01 4.100000e-01 4.200000e-01 2.737702e-01
4.200000e-01 4.300000e-01 4.400000e-01 2.121134e-01
4.400000e-01 4.500000e-01 4.600000e-01 1.638907e-01
4.600000e-01 4.700000e-01 4.800000e-01 1.263208e-01
4.800000e-01 4.900000e-01 5.000000e-01 9.714998e-02
5.000000e-01 5.100000e-01 5.200000e-01 7.456861e-02
5.200000e-01 5.300000e-01 5.400000e-01 5.713481e-02
5.400000e-01 5.500000e-01 5.600000e-01 4.370715e-02
5.600000e-01 5.700000e-01 5.800000e-01 3.338703e-02
5.800000e-01 5.900000e-01 6.000000e-01 2.547042e-02
