0       0.00667 0.01333 0.00010
0.01333 0.02000 0.02667 0.00018
0.02667 0.03333 0.04000 0.00077
0.04000 0.04667 0.05333 0.00135
0.05333 0.06000 0.06667 0.00191
0.06667 0.07333 0.08000 0.00246
0.08000 0.08667 0.09333 0.00299
0.09333 0.10000 0.10667 0.00350
0.10667 0.11333 0.12000 0.00400
0.12000 0.12667 0.13333 0.00448
0.13333 0.14000 0.14667 0.00495
0.14667 0.15333 0.16000 0.00540
0.16000 0.16667 0.17333 0.00583
0.17333 0.18000 0.18667 0.00625
0.18667 0.19333 0.20000 0.00666
0.20000 0.20667 0.21333 0.00705
0.21333 0.22000 0.22667 0.00743
0.22667 0.23333 0.24000 0.00779
0.24000 0.24667 0.25333 0.00814
0.25333 0.26000 0.26667 0.00848
0.26667 0.27333 0.28000 0.00880
0.28000 0.28667 0.29333 0.00911
0.29333 0.30000 0.30667 0.00941
0.30667 0.31333 0.32000 0.00970
0.32000 0.32667 0.33333 0.00997
0.33333 0.34000 0.34667 0.01023
0.34667 0.35333 0.36000 0.01048
0.36000 0.36667 0.37333 0.01071
0.37333 0.38000 0.38667 0.01094
0.38667 0.39333 0.40000 0.01115
0.40000 0.40667 0.41333 0.01136
0.41333 0.42000 0.42667 0.01155
0.42667 0.43333 0.44000 0.01173
0.44000 0.44667 0.45333 0.01190
0.45333 0.46000 0.46667 0.01206
0.46667 0.47333 0.48000 0.01221
0.48000 0.48667 0.49333 0.01235
0.49333 0.50000 0.50667 0.01248
0.50667 0.51333 0.52000 0.01260
0.52000 0.52667 0.53333 0.01271
0.53333 0.54000 0.54667 0.01281
0.54667 0.55333 0.56000 0.01290
0.56000 0.56667 0.57333 0.01299
0.57333 0.58000 0.58667 0.01307
0.58667 0.59333 0.60000 0.01313
0.60000 0.60667 0.61333 0.01319
0.61333 0.62000 0.62667 0.01325
0.62667 0.63333 0.64000 0.01329
0.64000 0.64667 0.65333 0.01333
0.65333 0.66000 0.66667 0.01336
0.66667 0.67333 0.68000 0.01339
0.68000 0.68667 0.69333 0.01340
0.69333 0.70000 0.70667 0.01342
0.70667 0.71333 0.72000 0.01342
0.72000 0.72667 0.73333 0.01342
0.73333 0.74000 0.74667 0.01342
0.74667 0.75333 0.76000 0.01340
0.76000 0.76667 0.77333 0.01339
0.77333 0.78000 0.78667 0.01337
0.78667 0.79333 0.80000 0.01335
0.80000 0.80667 0.81333 0.01332
0.81333 0.82000 0.82667 0.01328
0.82667 0.83333 0.84000 0.01325
0.84000 0.84667 0.85333 0.01321
0.85333 0.86000 0.86667 0.01317
0.86667 0.87333 0.88000 0.01312
0.88000 0.88667 0.89333 0.01308
0.89333 0.90000 0.90667 0.01303
0.90667 0.91333 0.92000 0.01297
0.92000 0.92667 0.93333 0.01292
0.93333 0.94000 0.94667 0.01287
0.94667 0.95333 0.96000 0.01281
0.96000 0.96667 0.97333 0.01275
0.97333 0.98000 0.98667 0.01270
0.98667 0.99333 1.00000 0.01264
1.00000 1.00667 1.01333 0.01258
1.01333 1.02000 1.02667 0.01252
1.02667 1.03333 1.04000 0.01246
1.04000 1.04667 1.05333 0.01240
1.05333 1.06000 1.06667 0.01235
1.06667 1.07333 1.08000 0.01229
1.08000 1.08667 1.09333 0.01223
1.09333 1.10000 1.10667 0.01217
1.10667 1.11333 1.12000 0.01211
1.12000 1.12667 1.13333 0.01205
1.13333 1.14000 1.14667 0.01200
1.14667 1.15333 1.16000 0.01194
1.16000 1.16667 1.17333 0.01188
1.17333 1.18000 1.18667 0.01182
1.18667 1.19333 1.20000 0.01177
1.20000 1.20667 1.21333 0.01171
1.21333 1.22000 1.22667 0.01165
1.22667 1.23333 1.24000 0.01160
1.24000 1.24667 1.25333 0.01154
1.25333 1.26000 1.26667 0.01148
1.26667 1.27333 1.28000 0.01143
1.28000 1.28667 1.29333 0.01137
1.29333 1.30000 1.30667 0.01132
1.30667 1.31333 1.32000 0.01126
1.32000 1.32667 1.33333 0.01121
1.33333 1.34000 1.34667 0.01115
1.34667 1.35333 1.36000 0.01110
1.36000 1.36667 1.37333 0.01105
1.37333 1.38000 1.38667 0.01099
1.38667 1.39333 1.40000 0.01094
1.40000 1.40667 1.41333 0.01089
1.41333 1.42000 1.42667 0.01084
1.42667 1.43333 1.44000 0.01079
1.44000 1.44667 1.45333 0.01073
1.45333 1.46000 1.46667 0.01068
1.46667 1.47333 1.48000 0.01063
1.48000 1.48667 1.49333 0.01058
1.49333 1.50000 1.50667 0.01053
1.50667 1.51333 1.52000 0.01047
1.52000 1.52667 1.53333 0.01042
1.53333 1.54000 1.54667 0.01037
1.54667 1.55333 1.56000 0.01031
1.56000 1.56667 1.57333 0.01026
1.57333 1.58000 1.58667 0.01020
1.58667 1.59333 1.60000 0.01014
1.60000 1.60667 1.61333 0.01008
1.61333 1.62000 1.62667 0.01002
1.62667 1.63333 1.64000 0.00996
1.64000 1.64667 1.65333 0.00990
1.65333 1.66000 1.66667 0.00983
1.66667 1.67333 1.68000 0.00976
1.68000 1.68667 1.69333 0.00969
1.69333 1.70000 1.70667 0.00962
1.70667 1.71333 1.72000 0.00955
1.72000 1.72667 1.73333 0.00947
1.73333 1.74000 1.74667 0.00939
1.74667 1.75333 1.76000 0.00931
1.76000 1.76667 1.77333 0.00922
1.77333 1.78000 1.78667 0.00913
1.78667 1.79333 1.80000 0.00904
1.80000 1.80667 1.81333 0.00895
1.81333 1.82000 1.82667 0.00885
1.82667 1.83333 1.84000 0.00875
1.84000 1.84667 1.85333 0.00865
1.85333 1.86000 1.86667 0.00855
1.86667 1.87333 1.88000 0.00844
1.88000 1.88667 1.89333 0.00833
1.89333 1.90000 1.90667 0.00822
1.90667 1.91333 1.92000 0.00811
1.92000 1.92667 1.93333 0.00800
1.93333 1.94000 1.94667 0.00788
1.94667 1.95333 1.96000 0.00777
1.96000 1.96667 1.97333 0.00765
1.97333 1.98000 1.98667 0.00754
1.98667 1.99333 2.00000 0.00743
2.00000 2.00667 2.01333 0.00731
2.01333 2.02000 2.02667 0.00720
2.02667 2.03333 2.04000 0.00709
2.04000 2.04667 2.05333 0.00698
2.05333 2.06000 2.06667 0.00687
2.06667 2.07333 2.08000 0.00676
2.08000 2.08667 2.09333 0.00665
2.09333 2.10000 2.10667 0.00655
2.10667 2.11333 2.12000 0.00645
2.12000 2.12667 2.13333 0.00635
2.13333 2.14000 2.14667 0.00626
2.14667 2.15333 2.16000 0.00616
2.16000 2.16667 2.17333 0.00608
2.17333 2.18000 2.18667 0.00599
2.18667 2.19333 2.20000 0.00591
2.20000 2.20667 2.21333 0.00583
2.21333 2.22000 2.22667 0.00576
2.22667 2.23333 2.24000 0.00569
2.24000 2.24667 2.25333 0.00563
2.25333 2.26000 2.26667 0.00557
2.26667 2.27333 2.28000 0.00551
2.28000 2.28667 2.29333 0.00545
2.29333 2.30000 2.30667 0.00540
2.30667 2.31333 2.32000 0.00535
2.32000 2.32667 2.33333 0.00531
2.33333 2.34000 2.34667 0.00526
2.34667 2.35333 2.36000 0.00522
2.36000 2.36667 2.37333 0.00518
2.37333 2.38000 2.38667 0.00514
2.38667 2.39333 2.40000 0.00510
2.40000 2.40667 2.41333 0.00507
2.41333 2.42000 2.42667 0.00503
2.42667 2.43333 2.44000 0.00500
2.44000 2.44667 2.45333 0.00496
2.45333 2.46000 2.46667 0.00493
2.46667 2.47333 2.48000 0.00489
2.48000 2.48667 2.49333 0.00486
2.49333 2.50000 2.50667 0.00482
2.50667 2.51333 2.52000 0.00478
2.52000 2.52667 2.53333 0.00475
2.53333 2.54000 2.54667 0.00471
2.54667 2.55333 2.56000 0.00467
2.56000 2.56667 2.57333 0.00462
2.57333 2.58000 2.58667 0.00458
2.58667 2.59333 2.60000 0.00454
2.60000 2.60667 2.61333 0.00449
2.61333 2.62000 2.62667 0.00444
2.62667 2.63333 2.64000 0.00438
2.64000 2.64667 2.65333 0.00433
2.65333 2.66000 2.66667 0.00427
2.66667 2.67333 2.68000 0.00421
2.68000 2.68667 2.69333 0.00415
2.69333 2.70000 2.70667 0.00409
2.70667 2.71333 2.72000 0.00402
2.72000 2.72667 2.73333 0.00396
2.73333 2.74000 2.74667 0.00389
2.74667 2.75333 2.76000 0.00382
2.76000 2.76667 2.77333 0.00375
2.77333 2.78000 2.78667 0.00368
2.78667 2.79333 2.80000 0.00361
2.80000 2.80667 2.81333 0.00354
2.81333 2.82000 2.82667 0.00347
2.82667 2.83333 2.84000 0.00340
2.84000 2.84667 2.85333 0.00332
2.85333 2.86000 2.86667 0.00325
2.86667 2.87333 2.88000 0.00318
2.88000 2.88667 2.89333 0.00310
2.89333 2.90000 2.90667 0.00303
2.90667 2.91333 2.92000 0.00296
2.92000 2.92667 2.93333 0.00288
2.93333 2.94000 2.94667 0.00281
2.94667 2.95333 2.96000 0.00274
2.96000 2.96667 2.97333 0.00267
2.97333 2.98000 2.98667 0.00260
2.98667 2.99333 3.00000 0.00253
3.00000 3.00667 3.01333 0.00246
3.01333 3.02000 3.02667 0.00240
3.02667 3.03333 3.04000 0.00233
3.04000 3.04667 3.05333 0.00227
3.05333 3.06000 3.06667 0.00220
3.06667 3.07333 3.08000 0.00214
3.08000 3.08667 3.09333 0.00208
3.09333 3.10000 3.10667 0.00202
3.10667 3.11333 3.12000 0.00196
3.12000 3.12667 3.13333 0.00190
3.13333 3.14000 3.14667 0.00185
3.14667 3.15333 3.16000 0.00179
3.16000 3.16667 3.17333 0.00174
3.17333 3.18000 3.18667 0.00168
3.18667 3.19333 3.20000 0.00163
3.20000 3.20667 3.21333 0.00158
3.21333 3.22000 3.22667 0.00153
3.22667 3.23333 3.24000 0.00148
3.24000 3.24667 3.25333 0.00143
3.25333 3.26000 3.26667 0.00138
3.26667 3.27333 3.28000 0.00134
3.28000 3.28667 3.29333 0.00129
3.29333 3.30000 3.30667 0.00125
3.30667 3.31333 3.32000 0.00120
3.32000 3.32667 3.33333 0.00116
3.33333 3.34000 3.34667 0.00112
3.34667 3.35333 3.36000 0.00108
3.36000 3.36667 3.37333 0.00104
3.37333 3.38000 3.38667 0.00100
3.38667 3.39333 3.40000 0.00096
3.40000 3.40667 3.41333 0.00092
3.41333 3.42000 3.42667 0.00089
3.42667 3.43333 3.44000 0.00085
3.44000 3.44667 3.45333 0.00082
3.45333 3.46000 3.46667 0.00078
3.46667 3.47333 3.48000 0.00075
3.48000 3.48667 3.49333 0.00072
3.49333 3.50000 3.50667 0.00069
3.50667 3.51333 3.52000 0.00066
3.52000 3.52667 3.53333 0.00063
3.53333 3.54000 3.54667 0.00060
3.54667 3.55333 3.56000 0.00058
3.56000 3.56667 3.57333 0.00055
3.57333 3.58000 3.58667 0.00053
3.58667 3.59333 3.60000 0.00051
3.60000 3.60667 3.61333 0.00048
3.61333 3.62000 3.62667 0.00046
3.62667 3.63333 3.64000 0.00044
3.64000 3.64667 3.65333 0.00042
3.65333 3.66000 3.66667 0.00041
3.66667 3.67333 3.68000 0.00039
3.68000 3.68667 3.69333 0.00038
3.69333 3.70000 3.70667 0.00036
3.70667 3.71333 3.72000 0.00035
3.72000 3.72667 3.73333 0.00034
3.73333 3.74000 3.74667 0.00033
3.74667 3.75333 3.76000 0.00032
3.76000 3.76667 3.77333 0.00031
3.77333 3.78000 3.78667 0.00031
3.78667 3.79333 3.80000 0.00030
3.80000 3.80667 3.81333 0.00030
3.81333 3.82000 3.82667 0.00030
3.82667 3.83333 3.84000 0.00030
3.84000 3.84667 3.85333 0.00030
3.85333 3.86000 3.86667 0.00030
3.86667 3.87333 3.88000 0.00031
3.88000 3.88667 3.89333 0.00031
3.89333 3.90000 3.90667 0.00032
3.90667 3.91333 3.92000 0.00033
3.92000 3.92667 3.93333 0.00034
3.93333 3.94000 3.94667 0.00035
3.94667 3.95333 3.96000 0.00036
3.96000 3.96667 3.97333 0.00038
3.97333 3.98000 3.98667 0.00040
3.98667 3.99333 4.00000 0.00041
