0.000000e+00 6.670000e-03 1.333000e-02 3.791594e-03
1.333000e-02 2.000000e-02 2.667000e-02 6.824869e-03
2.667000e-02 3.333000e-02 4.000000e-02 2.919527e-02
4.000000e-02 4.667000e-02 5.333000e-02 5.118652e-02
5.333000e-02 6.000000e-02 6.667000e-02 7.241944e-02
6.667000e-02 7.333000e-02 8.000000e-02 9.327321e-02
8.000000e-02 8.667000e-02 9.333000e-02 1.133687e-01
9.333000e-02 1.000000e-01 1.066700e-01 1.327058e-01
1.066700e-01 1.133300e-01 1.200000e-01 1.516638e-01
1.200000e-01 1.266700e-01 1.333300e-01 1.698634e-01
1.333300e-01 1.400000e-01 1.466700e-01 1.876839e-01
1.466700e-01 1.533300e-01 1.600000e-01 2.047461e-01
1.600000e-01 1.666700e-01 1.733300e-01 2.210499e-01
1.733300e-01 1.800000e-01 1.866700e-01 2.369746e-01
1.866700e-01 1.933300e-01 2.000000e-01 2.525202e-01
2.000000e-01 2.066700e-01 2.133300e-01 2.673074e-01
2.133300e-01 2.200000e-01 2.266700e-01 2.817154e-01
2.266700e-01 2.333300e-01 2.400000e-01 2.953652e-01
2.400000e-01 2.466700e-01 2.533300e-01 3.086357e-01
2.533300e-01 2.600000e-01 2.666700e-01 3.215272e-01
2.666700e-01 2.733300e-01 2.800000e-01 3.336603e-01
2.800000e-01 2.866700e-01 2.933300e-01 3.454142e-01
2.933300e-01 3.000000e-01 3.066700e-01 3.567890e-01
3.066700e-01 3.133300e-01 3.200000e-01 3.677846e-01
3.200000e-01 3.266700e-01 3.333300e-01 3.780219e-01
3.333300e-01 3.400000e-01 3.466700e-01 3.878801e-01
3.466700e-01 3.533300e-01 3.600000e-01 3.973590e-01
3.600000e-01 3.666700e-01 3.733300e-01 4.060797e-01
3.733300e-01 3.800000e-01 3.866700e-01 4.148004e-01
3.866700e-01 3.933300e-01 4.000000e-01 4.227627e-01
4.000000e-01 4.066700e-01 4.133300e-01 4.307251e-01
4.133300e-01 4.200000e-01 4.266700e-01 4.379291e-01
4.266700e-01 4.333300e-01 4.400000e-01 4.447540e-01
4.400000e-01 4.466700e-01 4.533300e-01 4.511997e-01
4.533300e-01 4.600000e-01 4.666700e-01 4.572662e-01
4.666700e-01 4.733300e-01 4.800000e-01 4.629536e-01
4.800000e-01 4.866700e-01 4.933300e-01 4.682618e-01
4.933300e-01 5.000000e-01 5.066700e-01 4.731909e-01
5.066700e-01 5.133300e-01 5.200000e-01 4.777408e-01
5.200000e-01 5.266700e-01 5.333300e-01 4.819116e-01
5.333300e-01 5.400000e-01 5.466700e-01 4.857032e-01
5.466700e-01 5.533300e-01 5.600000e-01 4.891156e-01
5.600000e-01 5.666700e-01 5.733300e-01 4.925280e-01
5.733300e-01 5.800000e-01 5.866700e-01 4.955613e-01
5.866700e-01 5.933300e-01 6.000000e-01 4.978363e-01
6.000000e-01 6.066700e-01 6.133300e-01 5.001112e-01
6.133300e-01 6.200000e-01 6.266700e-01 5.023862e-01
6.266700e-01 6.333300e-01 6.400000e-01 5.039028e-01
6.400000e-01 6.466700e-01 6.533300e-01 5.054195e-01
6.533300e-01 6.600000e-01 6.666700e-01 5.065569e-01
6.666700e-01 6.733300e-01 6.800000e-01 5.076944e-01
6.800000e-01 6.866700e-01 6.933300e-01 5.080736e-01
6.933300e-01 7.000000e-01 7.066700e-01 5.088319e-01
7.066700e-01 7.133300e-01 7.200000e-01 5.088319e-01
7.200000e-01 7.266700e-01 7.333300e-01 5.088319e-01
7.333300e-01 7.400000e-01 7.466700e-01 5.088319e-01
7.466700e-01 7.533300e-01 7.600000e-01 5.080736e-01
7.600000e-01 7.666700e-01 7.733300e-01 5.076944e-01
7.733300e-01 7.800000e-01 7.866700e-01 5.069361e-01
7.866700e-01 7.933300e-01 8.000000e-01 5.061778e-01
8.000000e-01 8.066700e-01 8.133300e-01 5.050403e-01
8.133300e-01 8.200000e-01 8.266700e-01 5.035237e-01
8.266700e-01 8.333300e-01 8.400000e-01 5.023862e-01
8.400000e-01 8.466700e-01 8.533300e-01 5.008696e-01
8.533300e-01 8.600000e-01 8.666700e-01 4.993529e-01
8.666700e-01 8.733300e-01 8.800000e-01 4.974571e-01
8.800000e-01 8.866700e-01 8.933300e-01 4.959405e-01
8.933300e-01 9.000000e-01 9.066700e-01 4.940447e-01
9.066700e-01 9.133300e-01 9.200000e-01 4.917697e-01
9.200000e-01 9.266700e-01 9.333300e-01 4.898739e-01
9.333300e-01 9.400000e-01 9.466700e-01 4.879781e-01
9.466700e-01 9.533300e-01 9.600000e-01 4.857032e-01
9.600000e-01 9.666700e-01 9.733300e-01 4.834282e-01
9.733300e-01 9.800000e-01 9.866700e-01 4.815324e-01
9.866700e-01 9.933300e-01 1.000000e+00 4.792575e-01
1.000000e+00 1.006670e+00 1.013330e+00 4.769825e-01
1.013330e+00 1.020000e+00 1.026670e+00 4.747076e-01
1.026670e+00 1.033330e+00 1.040000e+00 4.724326e-01
1.040000e+00 1.046670e+00 1.053330e+00 4.701576e-01
1.053330e+00 1.060000e+00 1.066670e+00 4.682618e-01
1.066670e+00 1.073330e+00 1.080000e+00 4.659869e-01
1.080000e+00 1.086670e+00 1.093330e+00 4.637119e-01
1.093330e+00 1.100000e+00 1.106670e+00 4.614370e-01
1.106670e+00 1.113330e+00 1.120000e+00 4.591620e-01
1.120000e+00 1.126670e+00 1.133330e+00 4.568871e-01
1.133330e+00 1.140000e+00 1.146670e+00 4.549913e-01
1.146670e+00 1.153330e+00 1.160000e+00 4.527163e-01
1.160000e+00 1.166670e+00 1.173330e+00 4.504414e-01
1.173330e+00 1.180000e+00 1.186670e+00 4.481664e-01
1.186670e+00 1.193330e+00 1.200000e+00 4.462706e-01
1.200000e+00 1.206670e+00 1.213330e+00 4.439956e-01
1.213330e+00 1.220000e+00 1.226670e+00 4.417207e-01
1.226670e+00 1.233330e+00 1.240000e+00 4.398249e-01
1.240000e+00 1.246670e+00 1.253330e+00 4.375499e-01
1.253330e+00 1.260000e+00 1.266670e+00 4.352750e-01
1.266670e+00 1.273330e+00 1.280000e+00 4.333792e-01
1.280000e+00 1.286670e+00 1.293330e+00 4.311042e-01
1.293330e+00 1.300000e+00 1.306670e+00 4.292084e-01
1.306670e+00 1.313330e+00 1.320000e+00 4.269335e-01
1.320000e+00 1.326670e+00 1.333330e+00 4.250377e-01
1.333330e+00 1.340000e+00 1.346670e+00 4.227627e-01
1.346670e+00 1.353330e+00 1.360000e+00 4.208669e-01
1.360000e+00 1.366670e+00 1.373330e+00 4.189711e-01
1.373330e+00 1.380000e+00 1.386670e+00 4.166962e-01
1.386670e+00 1.393330e+00 1.400000e+00 4.148004e-01
1.400000e+00 1.406670e+00 1.413330e+00 4.129046e-01
1.413330e+00 1.420000e+00 1.426670e+00 4.110088e-01
1.426670e+00 1.433330e+00 1.440000e+00 4.091130e-01
1.440000e+00 1.446670e+00 1.453330e+00 4.068380e-01
1.453330e+00 1.460000e+00 1.466670e+00 4.049422e-01
1.466670e+00 1.473330e+00 1.480000e+00 4.030464e-01
1.480000e+00 1.486670e+00 1.493330e+00 4.011506e-01
1.493330e+00 1.500000e+00 1.506670e+00 3.992548e-01
1.506670e+00 1.513330e+00 1.520000e+00 3.969799e-01
1.520000e+00 1.526670e+00 1.533330e+00 3.950841e-01
1.533330e+00 1.540000e+00 1.546670e+00 3.931883e-01
1.546670e+00 1.553330e+00 1.560000e+00 3.909133e-01
1.560000e+00 1.566670e+00 1.573330e+00 3.890175e-01
1.573330e+00 1.580000e+00 1.586670e+00 3.867426e-01
1.586670e+00 1.593330e+00 1.600000e+00 3.844676e-01
1.600000e+00 1.606670e+00 1.613330e+00 3.821927e-01
1.613330e+00 1.620000e+00 1.626670e+00 3.799177e-01
1.626670e+00 1.633330e+00 1.640000e+00 3.776428e-01
1.640000e+00 1.646670e+00 1.653330e+00 3.753678e-01
1.653330e+00 1.660000e+00 1.666670e+00 3.727137e-01
1.666670e+00 1.673330e+00 1.680000e+00 3.700596e-01
1.680000e+00 1.686670e+00 1.693330e+00 3.674054e-01
1.693330e+00 1.700000e+00 1.706670e+00 3.647513e-01
1.706670e+00 1.713330e+00 1.720000e+00 3.620972e-01
1.720000e+00 1.726670e+00 1.733330e+00 3.590639e-01
1.733330e+00 1.740000e+00 1.746670e+00 3.560307e-01
1.746670e+00 1.753330e+00 1.760000e+00 3.529974e-01
1.760000e+00 1.766670e+00 1.773330e+00 3.495850e-01
1.773330e+00 1.780000e+00 1.786670e+00 3.461725e-01
1.786670e+00 1.793330e+00 1.800000e+00 3.427601e-01
1.800000e+00 1.806670e+00 1.813330e+00 3.393477e-01
1.813330e+00 1.820000e+00 1.826670e+00 3.355561e-01
1.826670e+00 1.833330e+00 1.840000e+00 3.317645e-01
1.840000e+00 1.846670e+00 1.853330e+00 3.279729e-01
1.853330e+00 1.860000e+00 1.866670e+00 3.241813e-01
1.866670e+00 1.873330e+00 1.880000e+00 3.200105e-01
1.880000e+00 1.886670e+00 1.893330e+00 3.158398e-01
1.893330e+00 1.900000e+00 1.906670e+00 3.116690e-01
1.906670e+00 1.913330e+00 1.920000e+00 3.074983e-01
1.920000e+00 1.926670e+00 1.933330e+00 3.033275e-01
1.933330e+00 1.940000e+00 1.946670e+00 2.987776e-01
1.946670e+00 1.953330e+00 1.960000e+00 2.946068e-01
1.960000e+00 1.966670e+00 1.973330e+00 2.900569e-01
1.973330e+00 1.980000e+00 1.986670e+00 2.858862e-01
1.986670e+00 1.993330e+00 2.000000e+00 2.817154e-01
2.000000e+00 2.006670e+00 2.013330e+00 2.771655e-01
2.013330e+00 2.020000e+00 2.026670e+00 2.729948e-01
2.026670e+00 2.033330e+00 2.040000e+00 2.688240e-01
2.040000e+00 2.046670e+00 2.053330e+00 2.646533e-01
2.053330e+00 2.060000e+00 2.066670e+00 2.604825e-01
2.066670e+00 2.073330e+00 2.080000e+00 2.563117e-01
2.080000e+00 2.086670e+00 2.093330e+00 2.521410e-01
2.093330e+00 2.100000e+00 2.106670e+00 2.483494e-01
2.106670e+00 2.113330e+00 2.120000e+00 2.445578e-01
2.120000e+00 2.126670e+00 2.133330e+00 2.407662e-01
2.133330e+00 2.140000e+00 2.146670e+00 2.373538e-01
2.146670e+00 2.153330e+00 2.160000e+00 2.335622e-01
2.160000e+00 2.166670e+00 2.173330e+00 2.305289e-01
2.173330e+00 2.180000e+00 2.186670e+00 2.271165e-01
2.186670e+00 2.193330e+00 2.200000e+00 2.240832e-01
2.200000e+00 2.206670e+00 2.213330e+00 2.210499e-01
2.213330e+00 2.220000e+00 2.226670e+00 2.183958e-01
2.226670e+00 2.233330e+00 2.240000e+00 2.157417e-01
2.240000e+00 2.246670e+00 2.253330e+00 2.134667e-01
2.253330e+00 2.260000e+00 2.266670e+00 2.111918e-01
2.266670e+00 2.273330e+00 2.280000e+00 2.089168e-01
2.280000e+00 2.286670e+00 2.293330e+00 2.066419e-01
2.293330e+00 2.300000e+00 2.306670e+00 2.047461e-01
2.306670e+00 2.313330e+00 2.320000e+00 2.028503e-01
2.320000e+00 2.326670e+00 2.333330e+00 2.013336e-01
2.333330e+00 2.340000e+00 2.346670e+00 1.994378e-01
2.346670e+00 2.353330e+00 2.360000e+00 1.979212e-01
2.360000e+00 2.366670e+00 2.373330e+00 1.964046e-01
2.373330e+00 2.380000e+00 2.386670e+00 1.948879e-01
2.386670e+00 2.393330e+00 2.400000e+00 1.933713e-01
2.400000e+00 2.406670e+00 2.413330e+00 1.922338e-01
2.413330e+00 2.420000e+00 2.426670e+00 1.907172e-01
2.426670e+00 2.433330e+00 2.440000e+00 1.895797e-01
2.440000e+00 2.446670e+00 2.453330e+00 1.880631e-01
2.453330e+00 2.460000e+00 2.466670e+00 1.869256e-01
2.466670e+00 2.473330e+00 2.480000e+00 1.854089e-01
2.480000e+00 2.486670e+00 2.493330e+00 1.842715e-01
2.493330e+00 2.500000e+00 2.506670e+00 1.827548e-01
2.506670e+00 2.513330e+00 2.520000e+00 1.812382e-01
2.520000e+00 2.526670e+00 2.533330e+00 1.801007e-01
2.533330e+00 2.540000e+00 2.546670e+00 1.785841e-01
2.546670e+00 2.553330e+00 2.560000e+00 1.770674e-01
2.560000e+00 2.566670e+00 2.573330e+00 1.751716e-01
2.573330e+00 2.580000e+00 2.586670e+00 1.736550e-01
2.586670e+00 2.593330e+00 2.600000e+00 1.721384e-01
2.600000e+00 2.606670e+00 2.613330e+00 1.702426e-01
2.613330e+00 2.620000e+00 2.626670e+00 1.683468e-01
2.626670e+00 2.633330e+00 2.640000e+00 1.660718e-01
2.640000e+00 2.646670e+00 2.653330e+00 1.641760e-01
2.653330e+00 2.660000e+00 2.666670e+00 1.619011e-01
2.666670e+00 2.673330e+00 2.680000e+00 1.596261e-01
2.680000e+00 2.686670e+00 2.693330e+00 1.573511e-01
2.693330e+00 2.700000e+00 2.706670e+00 1.550762e-01
2.706670e+00 2.713330e+00 2.720000e+00 1.524221e-01
2.720000e+00 2.726670e+00 2.733330e+00 1.501471e-01
2.733330e+00 2.740000e+00 2.746670e+00 1.474930e-01
2.746670e+00 2.753330e+00 2.760000e+00 1.448389e-01
2.760000e+00 2.766670e+00 2.773330e+00 1.421848e-01
2.773330e+00 2.780000e+00 2.786670e+00 1.395307e-01
2.786670e+00 2.793330e+00 2.800000e+00 1.368765e-01
2.800000e+00 2.806670e+00 2.813330e+00 1.342224e-01
2.813330e+00 2.820000e+00 2.826670e+00 1.315683e-01
2.826670e+00 2.833330e+00 2.840000e+00 1.289142e-01
2.840000e+00 2.846670e+00 2.853330e+00 1.258809e-01
2.853330e+00 2.860000e+00 2.866670e+00 1.232268e-01
2.866670e+00 2.873330e+00 2.880000e+00 1.205727e-01
2.880000e+00 2.886670e+00 2.893330e+00 1.175394e-01
2.893330e+00 2.900000e+00 2.906670e+00 1.148853e-01
2.906670e+00 2.913330e+00 2.920000e+00 1.122312e-01
2.920000e+00 2.926670e+00 2.933330e+00 1.091979e-01
2.933330e+00 2.940000e+00 2.946670e+00 1.065438e-01
2.946670e+00 2.953330e+00 2.960000e+00 1.038897e-01
2.960000e+00 2.966670e+00 2.973330e+00 1.012356e-01
2.973330e+00 2.980000e+00 2.986670e+00 9.858144e-02
2.986670e+00 2.993330e+00 3.000000e+00 9.592733e-02
3.000000e+00 3.006670e+00 3.013330e+00 9.327321e-02
3.013330e+00 3.020000e+00 3.026670e+00 9.099825e-02
3.026670e+00 3.033330e+00 3.040000e+00 8.834414e-02
3.040000e+00 3.046670e+00 3.053330e+00 8.606918e-02
3.053330e+00 3.060000e+00 3.066670e+00 8.341507e-02
3.066670e+00 3.073330e+00 3.080000e+00 8.114011e-02
3.080000e+00 3.086670e+00 3.093330e+00 7.886515e-02
3.093330e+00 3.100000e+00 3.106670e+00 7.659020e-02
3.106670e+00 3.113330e+00 3.120000e+00 7.431524e-02
3.120000e+00 3.126670e+00 3.133330e+00 7.204028e-02
3.133330e+00 3.140000e+00 3.146670e+00 7.014449e-02
3.146670e+00 3.153330e+00 3.160000e+00 6.786953e-02
3.160000e+00 3.166670e+00 3.173330e+00 6.597373e-02
3.173330e+00 3.180000e+00 3.186670e+00 6.369878e-02
3.186670e+00 3.193330e+00 3.200000e+00 6.180298e-02
3.200000e+00 3.206670e+00 3.213330e+00 5.990718e-02
3.213330e+00 3.220000e+00 3.226670e+00 5.801139e-02
3.226670e+00 3.233330e+00 3.240000e+00 5.611559e-02
3.240000e+00 3.246670e+00 3.253330e+00 5.421979e-02
3.253330e+00 3.260000e+00 3.266670e+00 5.232400e-02
3.266670e+00 3.273330e+00 3.280000e+00 5.080736e-02
3.280000e+00 3.286670e+00 3.293330e+00 4.891156e-02
3.293330e+00 3.300000e+00 3.306670e+00 4.739492e-02
3.306670e+00 3.313330e+00 3.320000e+00 4.549913e-02
3.320000e+00 3.326670e+00 3.333330e+00 4.398249e-02
3.333330e+00 3.340000e+00 3.346670e+00 4.246585e-02
3.346670e+00 3.353330e+00 3.360000e+00 4.094921e-02
3.360000e+00 3.366670e+00 3.373330e+00 3.943258e-02
3.373330e+00 3.380000e+00 3.386670e+00 3.791594e-02
3.386670e+00 3.393330e+00 3.400000e+00 3.639930e-02
3.400000e+00 3.406670e+00 3.413330e+00 3.488266e-02
3.413330e+00 3.420000e+00 3.426670e+00 3.374519e-02
3.426670e+00 3.433330e+00 3.440000e+00 3.222855e-02
3.440000e+00 3.446670e+00 3.453330e+00 3.109107e-02
3.453330e+00 3.460000e+00 3.466670e+00 2.957443e-02
3.466670e+00 3.473330e+00 3.480000e+00 2.843695e-02
3.480000e+00 3.486670e+00 3.493330e+00 2.729948e-02
3.493330e+00 3.500000e+00 3.506670e+00 2.616200e-02
3.506670e+00 3.513330e+00 3.520000e+00 2.502452e-02
3.520000e+00 3.526670e+00 3.533330e+00 2.388704e-02
3.533330e+00 3.540000e+00 3.546670e+00 2.274956e-02
3.546670e+00 3.553330e+00 3.560000e+00 2.199124e-02
3.560000e+00 3.566670e+00 3.573330e+00 2.085377e-02
3.573330e+00 3.580000e+00 3.586670e+00 2.009545e-02
3.586670e+00 3.593330e+00 3.600000e+00 1.933713e-02
3.600000e+00 3.606670e+00 3.613330e+00 1.819965e-02
3.613330e+00 3.620000e+00 3.626670e+00 1.744133e-02
3.626670e+00 3.633330e+00 3.640000e+00 1.668301e-02
3.640000e+00 3.646670e+00 3.653330e+00 1.592469e-02
3.653330e+00 3.660000e+00 3.666670e+00 1.554553e-02
3.666670e+00 3.673330e+00 3.680000e+00 1.478722e-02
3.680000e+00 3.686670e+00 3.693330e+00 1.440806e-02
3.693330e+00 3.700000e+00 3.706670e+00 1.364974e-02
3.706670e+00 3.713330e+00 3.720000e+00 1.327058e-02
3.720000e+00 3.726670e+00 3.733330e+00 1.289142e-02
3.733330e+00 3.740000e+00 3.746670e+00 1.251226e-02
3.746670e+00 3.753330e+00 3.760000e+00 1.213310e-02
3.760000e+00 3.766670e+00 3.773330e+00 1.175394e-02
3.773330e+00 3.780000e+00 3.786670e+00 1.175394e-02
3.786670e+00 3.793330e+00 3.800000e+00 1.137478e-02
3.800000e+00 3.806670e+00 3.813330e+00 1.137478e-02
3.813330e+00 3.820000e+00 3.826670e+00 1.137478e-02
3.826670e+00 3.833330e+00 3.840000e+00 1.137478e-02
3.840000e+00 3.846670e+00 3.853330e+00 1.137478e-02
3.853330e+00 3.860000e+00 3.866670e+00 1.137478e-02
3.866670e+00 3.873330e+00 3.880000e+00 1.175394e-02
3.880000e+00 3.886670e+00 3.893330e+00 1.175394e-02
3.893330e+00 3.900000e+00 3.906670e+00 1.213310e-02
3.906670e+00 3.913330e+00 3.920000e+00 1.251226e-02
3.920000e+00 3.926670e+00 3.933330e+00 1.289142e-02
3.933330e+00 3.940000e+00 3.946670e+00 1.327058e-02
3.946670e+00 3.953330e+00 3.960000e+00 1.364974e-02
3.960000e+00 3.966670e+00 3.973330e+00 1.440806e-02
3.973330e+00 3.980000e+00 3.986670e+00 1.516638e-02
3.986670e+00 3.993330e+00 4.000000e+00 1.554553e-02
