0.000000e+00 7.900000e-03 1.000000e-02 6.224691e-05
1.000000e-02 1.650000e-02 2.000000e-02 2.704672e-04
2.000000e-02 2.590000e-02 3.000000e-02 6.631110e-04
3.000000e-02 3.560000e-02 4.000000e-02 1.245773e-03
4.000000e-02 4.560000e-02 5.000000e-02 2.031245e-03
5.000000e-02 5.540000e-02 6.000000e-02 2.978867e-03
6.000000e-02 6.540000e-02 7.000000e-02 4.122852e-03
7.000000e-02 7.530000e-02 8.000000e-02 5.426972e-03
8.000000e-02 8.520000e-02 9.000000e-02 6.897143e-03
9.000000e-02 9.520000e-02 1.000000e-01 8.545922e-03
1.000000e-01 1.052000e-01 1.100000e-01 1.035436e-02
1.100000e-01 1.152000e-01 1.200000e-01 1.231749e-02
1.200000e-01 1.251000e-01 1.300000e-01 1.440843e-02
1.300000e-01 1.351000e-01 1.400000e-01 1.666444e-02
1.400000e-01 1.451000e-01 1.500000e-01 1.906009e-02
1.500000e-01 1.551000e-01 1.600000e-01 2.159035e-02
1.600000e-01 1.651000e-01 1.700000e-01 2.425020e-02
1.700000e-01 1.751000e-01 1.800000e-01 2.703462e-02
1.800000e-01 1.851000e-01 1.900000e-01 2.993862e-02
1.900000e-01 1.951000e-01 2.000000e-01 3.295726e-02
2.000000e-01 2.051000e-01 2.100000e-01 3.608562e-02
2.100000e-01 2.151000e-01 2.200000e-01 3.931881e-02
2.200000e-01 2.250000e-01 2.300000e-01 4.261820e-02
2.300000e-01 2.350000e-01 2.400000e-01 4.604570e-02
2.400000e-01 2.450000e-01 2.500000e-01 4.956375e-02
2.500000e-01 2.550000e-01 2.600000e-01 5.316767e-02
2.600000e-01 2.650000e-01 2.700000e-01 5.685286e-02
2.700000e-01 2.750000e-01 2.800000e-01 6.061476e-02
2.800000e-01 2.850000e-01 2.900000e-01 6.444889e-02
2.900000e-01 2.950000e-01 3.000000e-01 6.835083e-02
3.000000e-01 3.050000e-01 3.100000e-01 7.231624e-02
3.100000e-01 3.150000e-01 3.200000e-01 7.634084e-02
3.200000e-01 3.250000e-01 3.300000e-01 8.042042e-02
3.300000e-01 3.350000e-01 3.400000e-01 8.455085e-02
3.400000e-01 3.450000e-01 3.500000e-01 8.872808e-02
3.500000e-01 3.550000e-01 3.600000e-01 9.294812e-02
3.600000e-01 3.650000e-01 3.700000e-01 9.720707e-02
3.700000e-01 3.750000e-01 3.800000e-01 1.015011e-01
3.800000e-01 3.850000e-01 3.900000e-01 1.058265e-01
3.900000e-01 3.950000e-01 4.000000e-01 1.101795e-01
4.000000e-01 4.050000e-01 4.100000e-01 1.145566e-01
4.100000e-01 4.150000e-01 4.200000e-01 1.189543e-01
4.200000e-01 4.250000e-01 4.300000e-01 1.233691e-01
4.300000e-01 4.350000e-01 4.400000e-01 1.277978e-01
4.400000e-01 4.450000e-01 4.500000e-01 1.322369e-01
4.500000e-01 4.550000e-01 4.600000e-01 1.366833e-01
4.600000e-01 4.650000e-01 4.700000e-01 1.411340e-01
4.700000e-01 4.750000e-01 4.800000e-01 1.455858e-01
4.800000e-01 4.850000e-01 4.900000e-01 1.500359e-01
4.900000e-01 4.950000e-01 5.000000e-01 1.544814e-01
5.000000e-01 5.050000e-01 5.100000e-01 1.589193e-01
5.100000e-01 5.150000e-01 5.200000e-01 1.633472e-01
5.200000e-01 5.250000e-01 5.300000e-01 1.677622e-01
5.300000e-01 5.350000e-01 5.400000e-01 1.721619e-01
5.400000e-01 5.450000e-01 5.500000e-01 1.765437e-01
5.500000e-01 5.550000e-01 5.600000e-01 1.809053e-01
5.600000e-01 5.650000e-01 5.700000e-01 1.852443e-01
5.700000e-01 5.750000e-01 5.800000e-01 1.895584e-01
5.800000e-01 5.850000e-01 5.900000e-01 1.938455e-01
5.900000e-01 5.950000e-01 6.000000e-01 1.981034e-01
6.000000e-01 6.050000e-01 6.100000e-01 2.023302e-01
6.100000e-01 6.150000e-01 6.200000e-01 2.065237e-01
6.200000e-01 6.250000e-01 6.300000e-01 2.106822e-01
6.300000e-01 6.350000e-01 6.400000e-01 2.148038e-01
6.400000e-01 6.450000e-01 6.500000e-01 2.188867e-01
6.500000e-01 6.550000e-01 6.600000e-01 2.229293e-01
6.600000e-01 6.650000e-01 6.700000e-01 2.269299e-01
6.700000e-01 6.750000e-01 6.800000e-01 2.308869e-01
6.800000e-01 6.850000e-01 6.900000e-01 2.347988e-01
6.900000e-01 6.950000e-01 7.000000e-01 2.386643e-01
7.000000e-01 7.050000e-01 7.100000e-01 2.424819e-01
7.100000e-01 7.150000e-01 7.200000e-01 2.462503e-01
7.200000e-01 7.250000e-01 7.300000e-01 2.499684e-01
7.300000e-01 7.350000e-01 7.400000e-01 2.536348e-01
7.400000e-01 7.450000e-01 7.500000e-01 2.572484e-01
7.500000e-01 7.550000e-01 7.600000e-01 2.608083e-01
7.600000e-01 7.650000e-01 7.700000e-01 2.643133e-01
7.700000e-01 7.750000e-01 7.800000e-01 2.677625e-01
7.800000e-01 7.850000e-01 7.900000e-01 2.711550e-01
7.900000e-01 7.950000e-01 8.000000e-01 2.744900e-01
8.000000e-01 8.050000e-01 8.100000e-01 2.777666e-01
8.100000e-01 8.150000e-01 8.200000e-01 2.809840e-01
8.200000e-01 8.250000e-01 8.300000e-01 2.841417e-01
8.300000e-01 8.350000e-01 8.400000e-01 2.872389e-01
8.400000e-01 8.450000e-01 8.500000e-01 2.902751e-01
8.500000e-01 8.550000e-01 8.600000e-01 2.932496e-01
8.600000e-01 8.650000e-01 8.700000e-01 2.961620e-01
8.700000e-01 8.750000e-01 8.800000e-01 2.990118e-01
8.800000e-01 8.850000e-01 8.900000e-01 3.017986e-01
8.900000e-01 8.950000e-01 9.000000e-01 3.045220e-01
9.000000e-01 9.050000e-01 9.100000e-01 3.071816e-01
9.100000e-01 9.150000e-01 9.200000e-01 3.097773e-01
9.200000e-01 9.250000e-01 9.300000e-01 3.123086e-01
9.300000e-01 9.350000e-01 9.400000e-01 3.147755e-01
9.400000e-01 9.450000e-01 9.500000e-01 3.171777e-01
9.500000e-01 9.550000e-01 9.600000e-01 3.195151e-01
9.600000e-01 9.650000e-01 9.700000e-01 3.217875e-01
9.700000e-01 9.750000e-01 9.800000e-01 3.239950e-01
9.800000e-01 9.850000e-01 9.900000e-01 3.261374e-01
9.900000e-01 9.950000e-01 1.000000e+00 3.282148e-01
1.000000e+00 1.005000e+00 1.010000e+00 3.302272e-01
1.010000e+00 1.015000e+00 1.020000e+00 3.321747e-01
1.020000e+00 1.025000e+00 1.030000e+00 3.340573e-01
1.030000e+00 1.035000e+00 1.040000e+00 3.358752e-01
1.040000e+00 1.045000e+00 1.050000e+00 3.376285e-01
1.050000e+00 1.055000e+00 1.060000e+00 3.393175e-01
1.060000e+00 1.065000e+00 1.070000e+00 3.409422e-01
1.070000e+00 1.075000e+00 1.080000e+00 3.425029e-01
1.080000e+00 1.085000e+00 1.090000e+00 3.440000e-01
1.090000e+00 1.095000e+00 1.100000e+00 3.454336e-01
1.100000e+00 1.105000e+00 1.110000e+00 3.468041e-01
1.110000e+00 1.115000e+00 1.120000e+00 3.481117e-01
1.120000e+00 1.125000e+00 1.130000e+00 3.493569e-01
1.130000e+00 1.135000e+00 1.140000e+00 3.505401e-01
1.140000e+00 1.145000e+00 1.150000e+00 3.516615e-01
1.150000e+00 1.155000e+00 1.160000e+00 3.527216e-01
1.160000e+00 1.165000e+00 1.170000e+00 3.537209e-01
1.170000e+00 1.175000e+00 1.180000e+00 3.546597e-01
1.180000e+00 1.185000e+00 1.190000e+00 3.555386e-01
1.190000e+00 1.195000e+00 1.200000e+00 3.563580e-01
1.200000e+00 1.205000e+00 1.210000e+00 3.571184e-01
1.210000e+00 1.215000e+00 1.220000e+00 3.578204e-01
1.220000e+00 1.225000e+00 1.230000e+00 3.584644e-01
1.230000e+00 1.235000e+00 1.240000e+00 3.590510e-01
1.240000e+00 1.245000e+00 1.250000e+00 3.595807e-01
1.250000e+00 1.255000e+00 1.260000e+00 3.600542e-01
1.260000e+00 1.265000e+00 1.270000e+00 3.604720e-01
1.270000e+00 1.275000e+00 1.280000e+00 3.608346e-01
1.280000e+00 1.285000e+00 1.290000e+00 3.611427e-01
1.290000e+00 1.295000e+00 1.300000e+00 3.613969e-01
1.300000e+00 1.305000e+00 1.310000e+00 3.615978e-01
1.310000e+00 1.315000e+00 1.320000e+00 3.617460e-01
1.320000e+00 1.325000e+00 1.330000e+00 3.618422e-01
1.330000e+00 1.335000e+00 1.340000e+00 3.618871e-01
1.340000e+00 1.344900e+00 1.350000e+00 3.618815e-01
1.350000e+00 1.354900e+00 1.360000e+00 3.618260e-01
1.360000e+00 1.364900e+00 1.370000e+00 3.617212e-01
1.370000e+00 1.374900e+00 1.380000e+00 3.615676e-01
1.380000e+00 1.384900e+00 1.390000e+00 3.613659e-01
1.390000e+00 1.394900e+00 1.400000e+00 3.611169e-01
1.400000e+00 1.404900e+00 1.410000e+00 3.608212e-01
1.410000e+00 1.414900e+00 1.420000e+00 3.604795e-01
1.420000e+00 1.424900e+00 1.430000e+00 3.600926e-01
1.430000e+00 1.434900e+00 1.440000e+00 3.596610e-01
1.440000e+00 1.444900e+00 1.450000e+00 3.591855e-01
1.450000e+00 1.454900e+00 1.460000e+00 3.586669e-01
1.460000e+00 1.464900e+00 1.470000e+00 3.581058e-01
1.470000e+00 1.474900e+00 1.480000e+00 3.575029e-01
1.480000e+00 1.484900e+00 1.490000e+00 3.568590e-01
1.490000e+00 1.494900e+00 1.500000e+00 3.561747e-01
1.500000e+00 1.504900e+00 1.510000e+00 3.554508e-01
1.510000e+00 1.514900e+00 1.520000e+00 3.546879e-01
1.520000e+00 1.524900e+00 1.530000e+00 3.538869e-01
1.530000e+00 1.534900e+00 1.540000e+00 3.530484e-01
1.540000e+00 1.544900e+00 1.550000e+00 3.521731e-01
1.550000e+00 1.554900e+00 1.560000e+00 3.512617e-01
1.560000e+00 1.564900e+00 1.570000e+00 3.503150e-01
1.570000e+00 1.574900e+00 1.580000e+00 3.493336e-01
1.580000e+00 1.584900e+00 1.590000e+00 3.483183e-01
1.590000e+00 1.594900e+00 1.600000e+00 3.472697e-01
1.600000e+00 1.604900e+00 1.610000e+00 3.461886e-01
1.610000e+00 1.614900e+00 1.620000e+00 3.450757e-01
1.620000e+00 1.624900e+00 1.630000e+00 3.439316e-01
1.630000e+00 1.634900e+00 1.640000e+00 3.427571e-01
1.640000e+00 1.644900e+00 1.650000e+00 3.415529e-01
1.650000e+00 1.654900e+00 1.660000e+00 3.403195e-01
1.660000e+00 1.664900e+00 1.670000e+00 3.390579e-01
1.670000e+00 1.674900e+00 1.680000e+00 3.377685e-01
1.680000e+00 1.684900e+00 1.690000e+00 3.364521e-01
1.690000e+00 1.694900e+00 1.700000e+00 3.351093e-01
1.700000e+00 1.704900e+00 1.710000e+00 3.337409e-01
1.710000e+00 1.714900e+00 1.720000e+00 3.323474e-01
1.720000e+00 1.724900e+00 1.730000e+00 3.309296e-01
1.730000e+00 1.734900e+00 1.740000e+00 3.294881e-01
1.740000e+00 1.744900e+00 1.750000e+00 3.280235e-01
1.750000e+00 1.754900e+00 1.760000e+00 3.265366e-01
1.760000e+00 1.764900e+00 1.770000e+00 3.250278e-01
1.770000e+00 1.774900e+00 1.780000e+00 3.234980e-01
1.780000e+00 1.784900e+00 1.790000e+00 3.219476e-01
1.790000e+00 1.794900e+00 1.800000e+00 3.203773e-01
1.800000e+00 1.804900e+00 1.810000e+00 3.187878e-01
1.810000e+00 1.814900e+00 1.820000e+00 3.171796e-01
1.820000e+00 1.824900e+00 1.830000e+00 3.155533e-01
1.830000e+00 1.834900e+00 1.840000e+00 3.139096e-01
1.840000e+00 1.844900e+00 1.850000e+00 3.122490e-01
1.850000e+00 1.854900e+00 1.860000e+00 3.105722e-01
1.860000e+00 1.864900e+00 1.870000e+00 3.088796e-01
1.870000e+00 1.874900e+00 1.880000e+00 3.071719e-01
1.880000e+00 1.884900e+00 1.890000e+00 3.054497e-01
1.890000e+00 1.894900e+00 1.900000e+00 3.037135e-01
1.900000e+00 1.904900e+00 1.910000e+00 3.019638e-01
1.910000e+00 1.914900e+00 1.920000e+00 3.002012e-01
1.920000e+00 1.924900e+00 1.930000e+00 2.984263e-01
1.930000e+00 1.934900e+00 1.940000e+00 2.966396e-01
1.940000e+00 1.944900e+00 1.950000e+00 2.948415e-01
1.950000e+00 1.954900e+00 1.960000e+00 2.930327e-01
1.960000e+00 1.964900e+00 1.970000e+00 2.912136e-01
1.970000e+00 1.974900e+00 1.980000e+00 2.893848e-01
1.980000e+00 1.984900e+00 1.990000e+00 2.875467e-01
1.990000e+00 1.994900e+00 2.000000e+00 2.856999e-01
2.000000e+00 2.005000e+00 2.010000e+00 2.838262e-01
2.010000e+00 2.015000e+00 2.020000e+00 2.819632e-01
2.020000e+00 2.025000e+00 2.030000e+00 2.800929e-01
2.030000e+00 2.035000e+00 2.040000e+00 2.782157e-01
2.040000e+00 2.044900e+00 2.050000e+00 2.763510e-01
2.050000e+00 2.054900e+00 2.060000e+00 2.744616e-01
2.060000e+00 2.064900e+00 2.070000e+00 2.725666e-01
2.070000e+00 2.075000e+00 2.080000e+00 2.706476e-01
2.080000e+00 2.085000e+00 2.090000e+00 2.687429e-01
2.090000e+00 2.095000e+00 2.100000e+00 2.668340e-01
2.100000e+00 2.105000e+00 2.110000e+00 2.649213e-01
2.110000e+00 2.115000e+00 2.120000e+00 2.630052e-01
2.120000e+00 2.125000e+00 2.130000e+00 2.610861e-01
2.130000e+00 2.135000e+00 2.140000e+00 2.591644e-01
2.140000e+00 2.145000e+00 2.150000e+00 2.572406e-01
2.150000e+00 2.155000e+00 2.160000e+00 2.553149e-01
2.160000e+00 2.165000e+00 2.170000e+00 2.533877e-01
2.170000e+00 2.175000e+00 2.180000e+00 2.514595e-01
2.180000e+00 2.185000e+00 2.190000e+00 2.495306e-01
2.190000e+00 2.195000e+00 2.200000e+00 2.476013e-01
2.200000e+00 2.205000e+00 2.210000e+00 2.456720e-01
2.210000e+00 2.215000e+00 2.220000e+00 2.437431e-01
2.220000e+00 2.225000e+00 2.230000e+00 2.418148e-01
2.230000e+00 2.235000e+00 2.240000e+00 2.398875e-01
2.240000e+00 2.245000e+00 2.250000e+00 2.379615e-01
2.250000e+00 2.255000e+00 2.260000e+00 2.360371e-01
2.260000e+00 2.265000e+00 2.270000e+00 2.341147e-01
2.270000e+00 2.275000e+00 2.280000e+00 2.321945e-01
2.280000e+00 2.285000e+00 2.290000e+00 2.302768e-01
2.290000e+00 2.295000e+00 2.300000e+00 2.283620e-01
2.300000e+00 2.305000e+00 2.310000e+00 2.264503e-01
2.310000e+00 2.314900e+00 2.320000e+00 2.245610e-01
2.320000e+00 2.324900e+00 2.330000e+00 2.226563e-01
2.330000e+00 2.334900e+00 2.340000e+00 2.207555e-01
2.340000e+00 2.345000e+00 2.350000e+00 2.188399e-01
2.350000e+00 2.355000e+00 2.360000e+00 2.169477e-01
2.360000e+00 2.365000e+00 2.370000e+00 2.150602e-01
2.370000e+00 2.375000e+00 2.380000e+00 2.131777e-01
2.380000e+00 2.385000e+00 2.390000e+00 2.113003e-01
2.390000e+00 2.395000e+00 2.400000e+00 2.094282e-01
2.400000e+00 2.405000e+00 2.410000e+00 2.075618e-01
2.410000e+00 2.415000e+00 2.420000e+00 2.057012e-01
2.420000e+00 2.425000e+00 2.430000e+00 2.038466e-01
2.430000e+00 2.435000e+00 2.440000e+00 2.019983e-01
2.440000e+00 2.445000e+00 2.450000e+00 2.001564e-01
2.450000e+00 2.455000e+00 2.460000e+00 1.983211e-01
2.460000e+00 2.465000e+00 2.470000e+00 1.964927e-01
2.470000e+00 2.475000e+00 2.480000e+00 1.946713e-01
2.480000e+00 2.485000e+00 2.490000e+00 1.928571e-01
2.490000e+00 2.495000e+00 2.500000e+00 1.910503e-01
2.500000e+00 2.505000e+00 2.510000e+00 1.892509e-01
2.510000e+00 2.515000e+00 2.520000e+00 1.874593e-01
2.520000e+00 2.525000e+00 2.530000e+00 1.856756e-01
2.530000e+00 2.535000e+00 2.540000e+00 1.838999e-01
2.540000e+00 2.545000e+00 2.550000e+00 1.821323e-01
2.550000e+00 2.555000e+00 2.560000e+00 1.803731e-01
2.560000e+00 2.564900e+00 2.570000e+00 1.786397e-01
2.570000e+00 2.574900e+00 2.580000e+00 1.768974e-01
2.580000e+00 2.584900e+00 2.590000e+00 1.751638e-01
2.590000e+00 2.594900e+00 2.600000e+00 1.734391e-01
2.600000e+00 2.604900e+00 2.610000e+00 1.717233e-01
2.610000e+00 2.615000e+00 2.620000e+00 1.699996e-01
2.620000e+00 2.625000e+00 2.630000e+00 1.683022e-01
2.630000e+00 2.635000e+00 2.640000e+00 1.666141e-01
2.640000e+00 2.645000e+00 2.650000e+00 1.649354e-01
2.650000e+00 2.655000e+00 2.660000e+00 1.632663e-01
2.660000e+00 2.665000e+00 2.670000e+00 1.616067e-01
2.670000e+00 2.675000e+00 2.680000e+00 1.599569e-01
2.680000e+00 2.685000e+00 2.690000e+00 1.583168e-01
2.690000e+00 2.695000e+00 2.700000e+00 1.566866e-01
2.700000e+00 2.705000e+00 2.710000e+00 1.550664e-01
2.710000e+00 2.715000e+00 2.720000e+00 1.534562e-01
2.720000e+00 2.725000e+00 2.730000e+00 1.518561e-01
2.730000e+00 2.735000e+00 2.740000e+00 1.502662e-01
2.740000e+00 2.745000e+00 2.750000e+00 1.486865e-01
2.750000e+00 2.755000e+00 2.760000e+00 1.471171e-01
2.760000e+00 2.765000e+00 2.770000e+00 1.455581e-01
2.770000e+00 2.775000e+00 2.780000e+00 1.440095e-01
2.780000e+00 2.785000e+00 2.790000e+00 1.424714e-01
2.790000e+00 2.795000e+00 2.800000e+00 1.409438e-01
2.800000e+00 2.805000e+00 2.810000e+00 1.394268e-01
2.810000e+00 2.814900e+00 2.820000e+00 1.379354e-01
2.820000e+00 2.824900e+00 2.830000e+00 1.364396e-01
2.830000e+00 2.834900e+00 2.840000e+00 1.349544e-01
2.840000e+00 2.844900e+00 2.850000e+00 1.334800e-01
2.850000e+00 2.854900e+00 2.860000e+00 1.320163e-01
2.860000e+00 2.864900e+00 2.870000e+00 1.305634e-01
2.870000e+00 2.874900e+00 2.880000e+00 1.291213e-01
2.880000e+00 2.885000e+00 2.890000e+00 1.276758e-01
2.890000e+00 2.895000e+00 2.900000e+00 1.262554e-01
2.900000e+00 2.905000e+00 2.910000e+00 1.248460e-01
2.910000e+00 2.915000e+00 2.920000e+00 1.234474e-01
2.920000e+00 2.925000e+00 2.930000e+00 1.220598e-01
2.930000e+00 2.935000e+00 2.940000e+00 1.206830e-01
2.940000e+00 2.945000e+00 2.950000e+00 1.193172e-01
2.950000e+00 2.955000e+00 2.960000e+00 1.179622e-01
2.960000e+00 2.965000e+00 2.970000e+00 1.166182e-01
2.970000e+00 2.975000e+00 2.980000e+00 1.152851e-01
2.980000e+00 2.985000e+00 2.990000e+00 1.139630e-01
2.990000e+00 2.995000e+00 3.000000e+00 1.126517e-01
3.000000e+00 3.005000e+00 3.010000e+00 1.113513e-01
3.010000e+00 3.015000e+00 3.020000e+00 1.100619e-01
3.020000e+00 3.025000e+00 3.030000e+00 1.087833e-01
3.030000e+00 3.035000e+00 3.040000e+00 1.075156e-01
3.040000e+00 3.045000e+00 3.050000e+00 1.062588e-01
3.050000e+00 3.055000e+00 3.060000e+00 1.050128e-01
3.060000e+00 3.065000e+00 3.070000e+00 1.037776e-01
3.070000e+00 3.075000e+00 3.080000e+00 1.025532e-01
3.080000e+00 3.084900e+00 3.090000e+00 1.013518e-01
3.090000e+00 3.094900e+00 3.100000e+00 1.001488e-01
3.100000e+00 3.104900e+00 3.110000e+00 9.895667e-02
3.110000e+00 3.114900e+00 3.120000e+00 9.777521e-02
3.120000e+00 3.124900e+00 3.130000e+00 9.660443e-02
3.130000e+00 3.135000e+00 3.140000e+00 9.543275e-02
3.140000e+00 3.145000e+00 3.150000e+00 9.428336e-02
3.150000e+00 3.155000e+00 3.160000e+00 9.314455e-02
3.160000e+00 3.165000e+00 3.170000e+00 9.201630e-02
3.170000e+00 3.175000e+00 3.180000e+00 9.089857e-02
3.180000e+00 3.185000e+00 3.190000e+00 8.979133e-02
3.190000e+00 3.195000e+00 3.200000e+00 8.869453e-02
3.200000e+00 3.205000e+00 3.210000e+00 8.760815e-02
3.210000e+00 3.215000e+00 3.220000e+00 8.653213e-02
3.220000e+00 3.225000e+00 3.230000e+00 8.546643e-02
3.230000e+00 3.235000e+00 3.240000e+00 8.441102e-02
3.240000e+00 3.245000e+00 3.250000e+00 8.336585e-02
3.250000e+00 3.255000e+00 3.260000e+00 8.233088e-02
3.260000e+00 3.265000e+00 3.270000e+00 8.130605e-02
3.270000e+00 3.274900e+00 3.280000e+00 8.030143e-02
3.280000e+00 3.284900e+00 3.290000e+00 7.929666e-02
3.290000e+00 3.294900e+00 3.300000e+00 7.830189e-02
3.300000e+00 3.304900e+00 3.310000e+00 7.731709e-02
3.310000e+00 3.314900e+00 3.320000e+00 7.634219e-02
3.320000e+00 3.324900e+00 3.330000e+00 7.537715e-02
3.330000e+00 3.334900e+00 3.340000e+00 7.442191e-02
3.340000e+00 3.344900e+00 3.350000e+00 7.347642e-02
3.350000e+00 3.354900e+00 3.360000e+00 7.254063e-02
3.360000e+00 3.364900e+00 3.370000e+00 7.161448e-02
3.370000e+00 3.374900e+00 3.380000e+00 7.069791e-02
3.380000e+00 3.384900e+00 3.390000e+00 6.979088e-02
3.390000e+00 3.394900e+00 3.400000e+00 6.889333e-02
3.400000e+00 3.404900e+00 3.410000e+00 6.800519e-02
3.410000e+00 3.414900e+00 3.420000e+00 6.712642e-02
3.420000e+00 3.424900e+00 3.430000e+00 6.625695e-02
3.430000e+00 3.434900e+00 3.440000e+00 6.539673e-02
3.440000e+00 3.444900e+00 3.450000e+00 6.454569e-02
3.450000e+00 3.454900e+00 3.460000e+00 6.370377e-02
3.460000e+00 3.464900e+00 3.470000e+00 6.287093e-02
3.470000e+00 3.474900e+00 3.480000e+00 6.204709e-02
3.480000e+00 3.484900e+00 3.490000e+00 6.123220e-02
3.490000e+00 3.494900e+00 3.500000e+00 6.042619e-02
3.500000e+00 3.504900e+00 3.510000e+00 5.962900e-02
3.510000e+00 3.514900e+00 3.520000e+00 5.884058e-02
3.520000e+00 3.524900e+00 3.530000e+00 5.806085e-02
3.530000e+00 3.534900e+00 3.540000e+00 5.728977e-02
3.540000e+00 3.544900e+00 3.550000e+00 5.652725e-02
3.550000e+00 3.554900e+00 3.560000e+00 5.577325e-02
3.560000e+00 3.564900e+00 3.570000e+00 5.502770e-02
3.570000e+00 3.574900e+00 3.580000e+00 5.429053e-02
3.580000e+00 3.584900e+00 3.590000e+00 5.356169e-02
3.590000e+00 3.594900e+00 3.600000e+00 5.284110e-02
3.600000e+00 3.604900e+00 3.610000e+00 5.212871e-02
3.610000e+00 3.614900e+00 3.620000e+00 5.142444e-02
3.620000e+00 3.624900e+00 3.630000e+00 5.072825e-02
3.630000e+00 3.634900e+00 3.640000e+00 5.004005e-02
3.640000e+00 3.644900e+00 3.650000e+00 4.935980e-02
3.650000e+00 3.654900e+00 3.660000e+00 4.868742e-02
3.660000e+00 3.664900e+00 3.670000e+00 4.802284e-02
3.670000e+00 3.674900e+00 3.680000e+00 4.736602e-02
3.680000e+00 3.684900e+00 3.690000e+00 4.671687e-02
3.690000e+00 3.694900e+00 3.700000e+00 4.607534e-02
3.700000e+00 3.704900e+00 3.710000e+00 4.544136e-02
3.710000e+00 3.714900e+00 3.720000e+00 4.481487e-02
3.720000e+00 3.724900e+00 3.730000e+00 4.419580e-02
3.730000e+00 3.734900e+00 3.740000e+00 4.358409e-02
3.740000e+00 3.744900e+00 3.750000e+00 4.297968e-02
3.750000e+00 3.754900e+00 3.760000e+00 4.238250e-02
3.760000e+00 3.764900e+00 3.770000e+00 4.179248e-02
3.770000e+00 3.774900e+00 3.780000e+00 4.120957e-02
3.780000e+00 3.784900e+00 3.790000e+00 4.063370e-02
3.790000e+00 3.794900e+00 3.800000e+00 4.006480e-02
3.800000e+00 3.804900e+00 3.810000e+00 3.950281e-02
3.810000e+00 3.814900e+00 3.820000e+00 3.894767e-02
3.820000e+00 3.824900e+00 3.830000e+00 3.839932e-02
3.830000e+00 3.834900e+00 3.840000e+00 3.785769e-02
3.840000e+00 3.844900e+00 3.850000e+00 3.732272e-02
3.850000e+00 3.854900e+00 3.860000e+00 3.679435e-02
3.860000e+00 3.864900e+00 3.870000e+00 3.627251e-02
3.870000e+00 3.874900e+00 3.880000e+00 3.575714e-02
3.880000e+00 3.884900e+00 3.890000e+00 3.524818e-02
3.890000e+00 3.894900e+00 3.900000e+00 3.474557e-02
3.900000e+00 3.904900e+00 3.910000e+00 3.424924e-02
3.910000e+00 3.914900e+00 3.920000e+00 3.375915e-02
3.920000e+00 3.924900e+00 3.930000e+00 3.327521e-02
3.930000e+00 3.934900e+00 3.940000e+00 3.279738e-02
3.940000e+00 3.944900e+00 3.950000e+00 3.232559e-02
3.950000e+00 3.954900e+00 3.960000e+00 3.185978e-02
3.960000e+00 3.964900e+00 3.970000e+00 3.139990e-02
3.970000e+00 3.974900e+00 3.980000e+00 3.094587e-02
3.980000e+00 3.984900e+00 3.990000e+00 3.049765e-02
3.990000e+00 3.994900e+00 4.000000e+00 3.005517e-02
4.000000e+00 4.004900e+00 4.010000e+00 2.961838e-02
4.010000e+00 4.014900e+00 4.020000e+00 2.918722e-02
4.020000e+00 4.024900e+00 4.030000e+00 2.876162e-02
4.030000e+00 4.034900e+00 4.040000e+00 2.834153e-02
4.040000e+00 4.044900e+00 4.050000e+00 2.792689e-02
4.050000e+00 4.054900e+00 4.060000e+00 2.751765e-02
4.060000e+00 4.064900e+00 4.070000e+00 2.711374e-02
4.070000e+00 4.074900e+00 4.080000e+00 2.671512e-02
4.080000e+00 4.084900e+00 4.090000e+00 2.632172e-02
4.090000e+00 4.094900e+00 4.100000e+00 2.593349e-02
4.100000e+00 4.104900e+00 4.110000e+00 2.555038e-02
4.110000e+00 4.114900e+00 4.120000e+00 2.517232e-02
4.120000e+00 4.124900e+00 4.130000e+00 2.479926e-02
4.130000e+00 4.134900e+00 4.140000e+00 2.443116e-02
4.140000e+00 4.144900e+00 4.150000e+00 2.406794e-02
4.150000e+00 4.154900e+00 4.160000e+00 2.370957e-02
4.160000e+00 4.164900e+00 4.170000e+00 2.335599e-02
4.170000e+00 4.174900e+00 4.180000e+00 2.300714e-02
4.180000e+00 4.184900e+00 4.190000e+00 2.266297e-02
4.190000e+00 4.194900e+00 4.200000e+00 2.232342e-02
4.200000e+00 4.204900e+00 4.210000e+00 2.198846e-02
4.210000e+00 4.214900e+00 4.220000e+00 2.165802e-02
4.220000e+00 4.224900e+00 4.230000e+00 2.133205e-02
4.230000e+00 4.234900e+00 4.240000e+00 2.101051e-02
4.240000e+00 4.244900e+00 4.250000e+00 2.069334e-02
4.250000e+00 4.254900e+00 4.260000e+00 2.038049e-02
4.260000e+00 4.264900e+00 4.270000e+00 2.007192e-02
4.270000e+00 4.274900e+00 4.280000e+00 1.976757e-02
4.280000e+00 4.284900e+00 4.290000e+00 1.946739e-02
4.290000e+00 4.294900e+00 4.300000e+00 1.917134e-02
4.300000e+00 4.304900e+00 4.310000e+00 1.887936e-02
4.310000e+00 4.314900e+00 4.320000e+00 1.859142e-02
4.320000e+00 4.324900e+00 4.330000e+00 1.830746e-02
4.330000e+00 4.334900e+00 4.340000e+00 1.802743e-02
4.340000e+00 4.344900e+00 4.350000e+00 1.775130e-02
4.350000e+00 4.354900e+00 4.360000e+00 1.747901e-02
4.360000e+00 4.364900e+00 4.370000e+00 1.721051e-02
4.370000e+00 4.374900e+00 4.380000e+00 1.694577e-02
4.380000e+00 4.384900e+00 4.390000e+00 1.668473e-02
4.390000e+00 4.394900e+00 4.400000e+00 1.642735e-02
4.400000e+00 4.404900e+00 4.410000e+00 1.617359e-02
4.410000e+00 4.414900e+00 4.420000e+00 1.592341e-02
4.420000e+00 4.424900e+00 4.430000e+00 1.567676e-02
4.430000e+00 4.434900e+00 4.440000e+00 1.543359e-02
4.440000e+00 4.444900e+00 4.450000e+00 1.519387e-02
4.450000e+00 4.454900e+00 4.460000e+00 1.495755e-02
4.460000e+00 4.464900e+00 4.470000e+00 1.472459e-02
4.470000e+00 4.474900e+00 4.480000e+00 1.449495e-02
4.480000e+00 4.484900e+00 4.490000e+00 1.426859e-02
4.490000e+00 4.494900e+00 4.500000e+00 1.404547e-02
4.500000e+00 4.504900e+00 4.510000e+00 1.382554e-02
4.510000e+00 4.514900e+00 4.520000e+00 1.360877e-02
4.520000e+00 4.524900e+00 4.530000e+00 1.339511e-02
4.530000e+00 4.534900e+00 4.540000e+00 1.318454e-02
4.540000e+00 4.544900e+00 4.550000e+00 1.297700e-02
4.550000e+00 4.554900e+00 4.560000e+00 1.277246e-02
4.560000e+00 4.564900e+00 4.570000e+00 1.257089e-02
4.570000e+00 4.574900e+00 4.580000e+00 1.237224e-02
4.580000e+00 4.584900e+00 4.590000e+00 1.217648e-02
4.590000e+00 4.594900e+00 4.600000e+00 1.198357e-02
4.600000e+00 4.604900e+00 4.610000e+00 1.179348e-02
4.610000e+00 4.614900e+00 4.620000e+00 1.160616e-02
4.620000e+00 4.624900e+00 4.630000e+00 1.142158e-02
4.630000e+00 4.634900e+00 4.640000e+00 1.123971e-02
4.640000e+00 4.644900e+00 4.650000e+00 1.106051e-02
4.650000e+00 4.654900e+00 4.660000e+00 1.088395e-02
4.660000e+00 4.664900e+00 4.670000e+00 1.070999e-02
4.670000e+00 4.674900e+00 4.680000e+00 1.053860e-02
4.680000e+00 4.684900e+00 4.690000e+00 1.036974e-02
4.690000e+00 4.694900e+00 4.700000e+00 1.020339e-02
4.700000e+00 4.704900e+00 4.710000e+00 1.003950e-02
4.710000e+00 4.714900e+00 4.720000e+00 9.878050e-03
4.720000e+00 4.724900e+00 4.730000e+00 9.719003e-03
4.730000e+00 4.734900e+00 4.740000e+00 9.562327e-03
4.740000e+00 4.744900e+00 4.750000e+00 9.407990e-03
4.750000e+00 4.754900e+00 4.760000e+00 9.255963e-03
4.760000e+00 4.764900e+00 4.770000e+00 9.106214e-03
4.770000e+00 4.774900e+00 4.780000e+00 8.958712e-03
4.780000e+00 4.784900e+00 4.790000e+00 8.813427e-03
4.790000e+00 4.794900e+00 4.800000e+00 8.670330e-03
4.800000e+00 4.804900e+00 4.810000e+00 8.529390e-03
4.810000e+00 4.814900e+00 4.820000e+00 8.390579e-03
4.820000e+00 4.824900e+00 4.830000e+00 8.253868e-03
4.830000e+00 4.834900e+00 4.840000e+00 8.119228e-03
4.840000e+00 4.844900e+00 4.850000e+00 7.986631e-03
4.850000e+00 4.854900e+00 4.860000e+00 7.856048e-03
4.860000e+00 4.864900e+00 4.870000e+00 7.727454e-03
4.870000e+00 4.874900e+00 4.880000e+00 7.600819e-03
4.880000e+00 4.884900e+00 4.890000e+00 7.476117e-03
4.890000e+00 4.894900e+00 4.900000e+00 7.353323e-03
4.900000e+00 4.904900e+00 4.910000e+00 7.232408e-03
4.910000e+00 4.914900e+00 4.920000e+00 7.113347e-03
4.920000e+00 4.924900e+00 4.930000e+00 6.996115e-03
4.930000e+00 4.934900e+00 4.940000e+00 6.880687e-03
4.940000e+00 4.944900e+00 4.950000e+00 6.767036e-03
4.950000e+00 4.954900e+00 4.960000e+00 6.655138e-03
4.960000e+00 4.964900e+00 4.970000e+00 6.544968e-03
4.970000e+00 4.974900e+00 4.980000e+00 6.436503e-03
4.980000e+00 4.984900e+00 4.990000e+00 6.329719e-03
4.990000e+00 4.994900e+00 5.000000e+00 6.224591e-03
5.000000e+00 5.004900e+00 5.010000e+00 6.121096e-03
5.010000e+00 5.014900e+00 5.020000e+00 6.019212e-03
5.020000e+00 5.024900e+00 5.030000e+00 5.918915e-03
5.030000e+00 5.034900e+00 5.040000e+00 5.820183e-03
5.040000e+00 5.044900e+00 5.050000e+00 5.722994e-03
5.050000e+00 5.054900e+00 5.060000e+00 5.627326e-03
5.060000e+00 5.064900e+00 5.070000e+00 5.533156e-03
5.070000e+00 5.074900e+00 5.080000e+00 5.440464e-03
5.080000e+00 5.084900e+00 5.090000e+00 5.349228e-03
5.090000e+00 5.094900e+00 5.100000e+00 5.259428e-03
5.100000e+00 5.104900e+00 5.110000e+00 5.171042e-03
5.110000e+00 5.114900e+00 5.120000e+00 5.084051e-03
5.120000e+00 5.124900e+00 5.130000e+00 4.998434e-03
5.130000e+00 5.134900e+00 5.140000e+00 4.914171e-03
5.140000e+00 5.144900e+00 5.150000e+00 4.831243e-03
5.150000e+00 5.154900e+00 5.160000e+00 4.749630e-03
5.160000e+00 5.164900e+00 5.170000e+00 4.669313e-03
5.170000e+00 5.174900e+00 5.180000e+00 4.590274e-03
5.180000e+00 5.184900e+00 5.190000e+00 4.512493e-03
5.190000e+00 5.194900e+00 5.200000e+00 4.435952e-03
5.200000e+00 5.204900e+00 5.210000e+00 4.360633e-03
5.210000e+00 5.214900e+00 5.220000e+00 4.286518e-03
5.220000e+00 5.224900e+00 5.230000e+00 4.213590e-03
5.230000e+00 5.234900e+00 5.240000e+00 4.141830e-03
5.240000e+00 5.244900e+00 5.250000e+00 4.071222e-03
5.250000e+00 5.254900e+00 5.260000e+00 4.001748e-03
5.260000e+00 5.264900e+00 5.270000e+00 3.933393e-03
5.270000e+00 5.274900e+00 5.280000e+00 3.866138e-03
5.280000e+00 5.284900e+00 5.290000e+00 3.799968e-03
5.290000e+00 5.294900e+00 5.300000e+00 3.734866e-03
5.300000e+00 5.304900e+00 5.310000e+00 3.670817e-03
5.310000e+00 5.314900e+00 5.320000e+00 3.607805e-03
5.320000e+00 5.324900e+00 5.330000e+00 3.545815e-03
5.330000e+00 5.334900e+00 5.340000e+00 3.484830e-03
5.340000e+00 5.344900e+00 5.350000e+00 3.424837e-03
5.350000e+00 5.354900e+00 5.360000e+00 3.365819e-03
5.360000e+00 5.364900e+00 5.370000e+00 3.307763e-03
5.370000e+00 5.374900e+00 5.380000e+00 3.250653e-03
5.380000e+00 5.384900e+00 5.390000e+00 3.194476e-03
5.390000e+00 5.394900e+00 5.400000e+00 3.139218e-03
5.400000e+00 5.404900e+00 5.410000e+00 3.084863e-03
5.410000e+00 5.414900e+00 5.420000e+00 3.031400e-03
5.420000e+00 5.424900e+00 5.430000e+00 2.978813e-03
5.430000e+00 5.434900e+00 5.440000e+00 2.927091e-03
5.440000e+00 5.444900e+00 5.450000e+00 2.876218e-03
5.450000e+00 5.454900e+00 5.460000e+00 2.826184e-03
5.460000e+00 5.464900e+00 5.470000e+00 2.776974e-03
5.470000e+00 5.474900e+00 5.480000e+00 2.728576e-03
5.480000e+00 5.484900e+00 5.490000e+00 2.680978e-03
5.490000e+00 5.494900e+00 5.500000e+00 2.634167e-03
5.500000e+00 5.504900e+00 5.510000e+00 2.588131e-03
5.510000e+00 5.514900e+00 5.520000e+00 2.542859e-03
5.520000e+00 5.524900e+00 5.530000e+00 2.498338e-03
5.530000e+00 5.534900e+00 5.540000e+00 2.454556e-03
5.540000e+00 5.544900e+00 5.550000e+00 2.411503e-03
5.550000e+00 5.554900e+00 5.560000e+00 2.369167e-03
5.560000e+00 5.564900e+00 5.570000e+00 2.327537e-03
5.570000e+00 5.574900e+00 5.580000e+00 2.286601e-03
5.580000e+00 5.584900e+00 5.590000e+00 2.246350e-03
5.590000e+00 5.594900e+00 5.600000e+00 2.206772e-03
5.600000e+00 5.604900e+00 5.610000e+00 2.167856e-03
5.610000e+00 5.614900e+00 5.620000e+00 2.129593e-03
5.620000e+00 5.624900e+00 5.630000e+00 2.091972e-03
5.630000e+00 5.634900e+00 5.640000e+00 2.054984e-03
5.640000e+00 5.644900e+00 5.650000e+00 2.018617e-03
5.650000e+00 5.654900e+00 5.660000e+00 1.982863e-03
5.660000e+00 5.664900e+00 5.670000e+00 1.947711e-03
5.670000e+00 5.674900e+00 5.680000e+00 1.913153e-03
5.680000e+00 5.684900e+00 5.690000e+00 1.879178e-03
5.690000e+00 5.694900e+00 5.700000e+00 1.845778e-03
5.700000e+00 5.704900e+00 5.710000e+00 1.812943e-03
5.710000e+00 5.714900e+00 5.720000e+00 1.780665e-03
5.720000e+00 5.724900e+00 5.730000e+00 1.748934e-03
5.730000e+00 5.734900e+00 5.740000e+00 1.717742e-03
5.740000e+00 5.744900e+00 5.750000e+00 1.687080e-03
5.750000e+00 5.754900e+00 5.760000e+00 1.656940e-03
5.760000e+00 5.764900e+00 5.770000e+00 1.627313e-03
5.770000e+00 5.774900e+00 5.780000e+00 1.598192e-03
5.780000e+00 5.784900e+00 5.790000e+00 1.569568e-03
5.790000e+00 5.794900e+00 5.800000e+00 1.541433e-03
5.800000e+00 5.804900e+00 5.810000e+00 1.513779e-03
5.810000e+00 5.814900e+00 5.820000e+00 1.486598e-03
5.820000e+00 5.824900e+00 5.830000e+00 1.459884e-03
5.830000e+00 5.834900e+00 5.840000e+00 1.433628e-03
5.840000e+00 5.844900e+00 5.850000e+00 1.407822e-03
5.850000e+00 5.854900e+00 5.860000e+00 1.382461e-03
5.860000e+00 5.864900e+00 5.870000e+00 1.357535e-03
5.870000e+00 5.874900e+00 5.880000e+00 1.333040e-03
5.880000e+00 5.884900e+00 5.890000e+00 1.308966e-03
5.890000e+00 5.894900e+00 5.900000e+00 1.285308e-03
5.900000e+00 5.904900e+00 5.910000e+00 1.262059e-03
5.910000e+00 5.914900e+00 5.920000e+00 1.239212e-03
5.920000e+00 5.924900e+00 5.930000e+00 1.216760e-03
5.930000e+00 5.934900e+00 5.940000e+00 1.194698e-03
5.940000e+00 5.944900e+00 5.950000e+00 1.173018e-03
5.950000e+00 5.954900e+00 5.960000e+00 1.151714e-03
5.960000e+00 5.964900e+00 5.970000e+00 1.130781e-03
5.970000e+00 5.974900e+00 5.980000e+00 1.110212e-03
5.980000e+00 5.984900e+00 5.990000e+00 1.090001e-03
