1.001000e-02 5.010000e-03 1.000000e-05 7.180304e-03
2.001000e-02 1.501000e-02 1.001000e-02 4.978649e-02
3.001000e-02 2.501000e-02 2.001000e-02 1.093444e-01
4.001000e-02 3.501000e-02 3.001000e-02 1.622412e-01
5.001000e-02 4.501000e-02 4.001000e-02 2.147192e-01
6.001000e-02 5.501000e-02 5.001000e-02 2.662144e-01
7.001000e-02 6.501000e-02 6.001000e-02 3.141348e-01
8.001000e-02 7.501000e-02 7.001000e-02 3.605842e-01
9.001000e-02 8.501000e-02 8.001000e-02 4.025063e-01
1.000100e-01 9.501000e-02 9.001000e-02 4.385996e-01
1.100100e-01 1.050100e-01 1.000100e-01 4.748395e-01
1.200100e-01 1.150100e-01 1.100100e-01 5.050048e-01
1.300100e-01 1.250100e-01 1.200100e-01 5.293138e-01
1.400100e-01 1.350100e-01 1.300100e-01 5.517873e-01
1.500100e-01 1.450100e-01 1.400100e-01 5.699538e-01
1.600100e-01 1.550100e-01 1.500100e-01 5.844485e-01
1.700100e-01 1.650100e-01 1.600100e-01 5.959792e-01
1.800100e-01 1.750100e-01 1.700100e-01 6.053006e-01
1.900100e-01 1.850100e-01 1.800100e-01 6.081998e-01
2.000100e-01 1.950100e-01 1.900100e-01 6.099691e-01
2.100100e-01 2.050100e-01 2.000100e-01 6.114127e-01
2.200100e-01 2.150100e-01 2.100100e-01 6.076546e-01
2.300100e-01 2.250100e-01 2.200100e-01 5.988653e-01
2.400100e-01 2.350100e-01 2.300100e-01 5.912570e-01
2.500100e-01 2.450100e-01 2.400100e-01 5.793962e-01
2.600100e-01 2.550100e-01 2.500100e-01 5.697803e-01
2.700100e-01 2.650100e-01 2.600100e-01 5.502975e-01
2.800100e-01 2.750100e-01 2.700100e-01 5.402252e-01
2.900100e-01 2.850100e-01 2.800100e-01 5.208058e-01
3.000100e-01 2.950100e-01 2.900100e-01 5.051925e-01
3.100100e-01 3.050100e-01 3.000100e-01 4.872033e-01
3.200100e-01 3.150100e-01 3.100100e-01 4.670921e-01
3.300100e-01 3.250100e-01 3.200100e-01 4.451304e-01
3.400100e-01 3.350100e-01 3.300100e-01 4.280321e-01
3.500100e-01 3.450100e-01 3.400100e-01 4.095016e-01
3.600100e-01 3.550100e-01 3.500100e-01 3.897516e-01
3.700100e-01 3.650100e-01 3.600100e-01 3.690007e-01
3.800100e-01 3.750100e-01 3.700100e-01 3.474704e-01
3.900100e-01 3.850100e-01 3.800100e-01 3.253834e-01
4.000100e-01 3.950100e-01 3.900100e-01 3.087475e-01
4.100100e-01 4.050100e-01 4.000100e-01 2.916529e-01
4.200100e-01 4.150100e-01 4.100100e-01 2.742477e-01
4.300100e-01 4.250100e-01 4.200100e-01 2.566765e-01
4.400100e-01 4.350100e-01 4.300100e-01 2.390798e-01
4.500100e-01 4.450100e-01 4.400100e-01 2.215919e-01
4.600100e-01 4.550100e-01 4.500100e-01 2.043405e-01
4.700100e-01 4.650100e-01 4.600100e-01 1.920111e-01
4.800100e-01 4.750100e-01 4.700100e-01 1.753405e-01
4.900100e-01 4.850100e-01 4.800100e-01 1.633803e-01
5.000100e-01 4.950100e-01 4.900100e-01 1.476569e-01
5.100100e-01 5.050100e-01 5.000100e-01 1.363661e-01
5.200100e-01 5.150100e-01 5.100100e-01 1.254084e-01
5.300100e-01 5.250100e-01 5.200100e-01 1.115062e-01
5.400100e-01 5.350100e-01 5.300100e-01 1.015520e-01
5.500100e-01 5.450100e-01 5.400100e-01 8.919601e-02
5.600100e-01 5.550100e-01 5.500100e-01 7.778655e-02
5.700100e-01 5.650100e-01 5.600100e-01 6.968238e-02
5.800100e-01 5.750100e-01 5.700100e-01 5.993634e-02
5.900100e-01 5.850100e-01 5.800100e-01 5.306532e-02
6.000100e-01 5.950100e-01 5.900100e-01 4.672025e-02
6.100100e-01 6.050100e-01 6.000100e-01 3.930801e-02
6.200100e-01 6.150100e-01 6.100100e-01 3.415491e-02
6.300100e-01 6.250100e-01 6.200100e-01 2.949167e-02
6.400100e-01 6.350100e-01 6.300100e-01 2.529980e-02
6.500100e-01 6.450100e-01 6.400100e-01 2.155749e-02
6.600100e-01 6.550100e-01 6.500100e-01 1.824017e-02
6.700100e-01 6.650100e-01 6.600100e-01 1.609033e-02
6.800100e-01 6.750100e-01 6.700100e-01 1.343744e-02
6.900100e-01 6.850100e-01 6.800100e-01 1.113458e-02
7.000100e-01 6.950100e-01 6.900100e-01 9.661121e-03
7.100100e-01 7.050100e-01 7.000100e-01 7.889786e-03
7.200100e-01 7.150100e-01 7.100100e-01 6.387248e-03
7.300100e-01 7.250100e-01 7.200100e-01 5.441084e-03
7.400100e-01 7.350100e-01 7.300100e-01 4.609951e-03
7.500100e-01 7.450100e-01 7.400100e-01 3.644887e-03
7.600100e-01 7.550100e-01 7.500100e-01 3.047628e-03
7.700100e-01 7.650100e-01 7.600100e-01 2.532998e-03
7.800100e-01 7.750100e-01 7.700100e-01 1.950994e-03
7.900100e-01 7.850100e-01 7.800100e-01 1.598026e-03
8.000100e-01 7.950100e-01 7.900100e-01 1.300258e-03
8.100100e-01 8.050100e-01 8.000100e-01 1.050758e-03
8.200100e-01 8.150100e-01 8.100100e-01 8.431611e-04
8.300100e-01 8.250100e-01 8.200100e-01 6.716700e-04
8.400100e-01 8.350100e-01 8.300100e-01 5.310536e-04
8.500100e-01 8.450100e-01 8.400100e-01 4.166328e-04
8.600100e-01 8.550100e-01 8.500100e-01 3.242597e-04
8.700100e-01 8.650100e-01 8.600100e-01 2.502906e-04
8.800100e-01 8.750100e-01 8.700100e-01 1.915543e-04
8.900100e-01 8.850100e-01 8.800100e-01 1.600994e-04
9.000100e-01 8.950100e-01 8.900100e-01 1.207139e-04
9.100100e-01 9.050100e-01 9.000100e-01 9.017563e-05
9.200100e-01 9.150100e-01 9.100100e-01 6.671942e-05
9.300100e-01 9.250100e-01 9.200100e-01 5.447025e-05
9.400100e-01 9.350100e-01 9.300100e-01 3.963087e-05
9.500100e-01 9.450100e-01 9.400100e-01 3.198055e-05
9.600100e-01 9.550100e-01 9.500100e-01 2.285952e-05
9.700100e-01 9.650100e-01 9.600100e-01 1.616017e-05
9.800100e-01 9.750100e-01 9.700100e-01 1.278347e-05
9.900100e-01 9.850100e-01 9.800100e-01 8.864084e-06
1.000010e+00 9.950100e-01 9.900100e-01 6.918788e-06
1.010010e+00 1.005010e+00 1.000010e+00 5.370298e-06
1.020010e+00 1.015010e+00 1.010010e+00 3.617565e-06
1.030010e+00 1.025010e+00 1.020010e+00 2.767720e-06
1.040010e+00 1.035010e+00 1.030010e+00 1.823743e-06
1.050010e+00 1.045010e+00 1.040010e+00 1.374221e-06
1.060010e+00 1.055010e+00 1.050010e+00 1.028932e-06
1.070010e+00 1.065010e+00 1.060010e+00 7.654097e-07
1.080010e+00 1.075010e+00 1.070010e+00 4.831412e-07
1.090010e+00 1.085010e+00 1.080010e+00 3.534134e-07
1.100010e+00 1.095010e+00 1.090010e+00 2.567112e-07
1.110010e+00 1.105010e+00 1.100010e+00 1.851365e-07
1.120010e+00 1.115010e+00 1.110010e+00 1.114420e-07
1.130010e+00 1.125010e+00 1.120010e+00 7.889228e-08
1.140010e+00 1.135010e+00 1.130010e+00 5.541867e-08
1.150010e+00 1.145010e+00 1.140010e+00 3.862233e-08
1.160010e+00 1.155010e+00 1.150010e+00 2.669959e-08
1.170010e+00 1.165010e+00 1.160010e+00 1.830525e-08
1.180010e+00 1.175010e+00 1.170010e+00 1.244433e-08
1.190010e+00 1.185010e+00 1.180010e+00 8.387042e-09
1.200010e+00 1.195010e+00 1.190010e+00 5.602779e-09
1.210010e+00 1.205010e+00 1.200010e+00 3.709103e-09
1.220010e+00 1.215010e+00 1.210010e+00 2.432855e-09
1.230010e+00 1.225010e+00 1.220010e+00 1.580719e-09
1.240010e+00 1.235010e+00 1.230010e+00 1.017165e-09
1.250010e+00 1.245010e+00 1.240010e+00 6.480837e-10
1.260010e+00 1.255010e+00 1.250010e+00 4.087675e-10
1.270010e+00 1.265010e+00 1.260010e+00 2.551687e-10
1.280010e+00 1.275010e+00 1.270010e+00 2.013266e-10
1.290010e+00 1.285010e+00 1.280010e+00 1.236791e-10
1.300010e+00 1.295010e+00 1.290010e+00 7.515154e-11
1.310010e+00 1.305010e+00 1.300010e+00 4.515620e-11
1.320010e+00 1.315010e+00 1.310010e+00 2.682402e-11
1.330010e+00 1.325010e+00 1.320010e+00 2.063173e-11
1.340010e+00 1.335010e+00 1.330010e+00 1.204063e-11
1.350010e+00 1.345010e+00 1.340010e+00 6.942262e-12
1.360010e+00 1.355010e+00 1.350010e+00 3.953404e-12
1.370010e+00 1.365010e+00 1.360010e+00 2.975640e-12
1.380010e+00 1.375010e+00 1.370010e+00 1.662369e-12
1.390010e+00 1.385010e+00 1.380010e+00 9.165993e-13
1.400010e+00 1.395010e+00 1.390010e+00 6.785864e-13
1.410010e+00 1.405010e+00 1.400010e+00 3.666499e-13
1.420010e+00 1.415010e+00 1.410010e+00 1.953760e-13
1.430010e+00 1.425010e+00 1.420010e+00 1.421353e-13
1.440010e+00 1.435010e+00 1.430010e+00 7.413176e-14
1.450010e+00 1.445010e+00 1.440010e+00 3.810026e-14
1.460010e+00 1.455010e+00 1.450010e+00 2.720991e-14
1.470010e+00 1.465010e+00 1.460010e+00 1.367071e-14
1.480010e+00 1.475010e+00 1.470010e+00 9.650382e-15
1.490010e+00 1.485010e+00 1.480010e+00 4.735957e-15
1.500010e+00 1.495010e+00 1.490010e+00 3.303265e-15
1.510010e+00 1.505010e+00 1.500010e+00 1.582170e-15
1.520010e+00 1.515010e+00 1.510010e+00 1.089914e-15
1.530010e+00 1.525010e+00 1.520010e+00 5.090766e-16
1.540010e+00 1.535010e+00 1.530010e+00 3.462111e-16
1.550010e+00 1.545010e+00 1.540010e+00 1.575557e-16
1.560010e+00 1.555010e+00 1.550010e+00 1.057351e-16
1.570010e+00 1.565010e+00 1.560010e+00 4.684067e-17
1.580010e+00 1.575010e+00 1.570010e+00 3.100535e-17
1.590010e+00 1.585010e+00 1.580010e+00 1.335812e-17
1.600010e+00 1.595010e+00 1.590010e+00 8.717296e-18
1.610010e+00 1.605010e+00 1.600010e+00 3.649010e-18
1.620010e+00 1.615010e+00 1.610010e+00 2.346506e-18
1.630010e+00 1.625010e+00 1.620010e+00 1.501349e-18
1.640010e+00 1.635010e+00 1.630010e+00 6.038103e-19
1.650010e+00 1.645010e+00 1.640010e+00 3.804304e-19
1.660010e+00 1.655010e+00 1.650010e+00 1.482994e-19
1.670010e+00 1.665010e+00 1.660010e+00 9.195972e-20
1.680010e+00 1.675010e+00 1.670010e+00 5.671400e-20
1.690010e+00 1.685010e+00 1.680010e+00 2.117082e-20
1.700010e+00 1.695010e+00 1.690010e+00 1.284082e-20
1.710010e+00 1.705010e+00 1.700010e+00 7.744139e-21
1.720010e+00 1.715010e+00 1.710010e+00 2.762638e-21
1.730010e+00 1.725010e+00 1.720010e+00 1.637303e-21
1.740010e+00 1.735010e+00 1.730010e+00 9.645915e-22
1.750010e+00 1.745010e+00 1.740010e+00 3.281423e-22
1.760010e+00 1.755010e+00 1.750010e+00 1.898163e-22
1.770010e+00 1.765010e+00 1.760010e+00 1.091137e-22
1.780010e+00 1.775010e+00 1.770010e+00 6.232402e-23
1.790010e+00 1.785010e+00 1.780010e+00 1.990307e-23
1.800010e+00 1.795010e+00 1.790010e+00 1.114244e-23
1.810010e+00 1.805010e+00 1.800010e+00 6.192288e-24
1.820010e+00 1.815010e+00 1.810010e+00 3.413701e-24
1.830010e+00 1.825010e+00 1.820010e+00 1.004938e-24
1.840010e+00 1.835010e+00 1.830010e+00 5.337866e-25
1.850010e+00 1.845010e+00 1.840010e+00 2.764175e-25
1.860010e+00 1.855010e+00 1.850010e+00 1.368044e-25
1.870010e+00 1.865010e+00 1.860010e+00 6.159834e-26
1.880010e+00 1.875010e+00 1.870010e+00 0.000000e+00
1.890010e+00 1.885010e+00 1.880010e+00 0.000000e+00
1.900010e+00 1.895010e+00 1.890010e+00 0.000000e+00
1.910010e+00 1.905010e+00 1.900010e+00 0.000000e+00
1.920010e+00 1.915010e+00 1.910010e+00 0.000000e+00
1.930010e+00 1.925010e+00 1.920010e+00 0.000000e+00
1.940010e+00 1.935010e+00 1.930010e+00 0.000000e+00
1.950010e+00 1.945010e+00 1.940010e+00 0.000000e+00
1.960010e+00 1.955010e+00 1.950010e+00 0.000000e+00
1.970010e+00 1.965010e+00 1.960010e+00 0.000000e+00
1.980010e+00 1.975010e+00 1.970010e+00 0.000000e+00
1.990010e+00 1.985010e+00 1.980010e+00 0.000000e+00
2.000010e+00 1.995010e+00 1.990010e+00 0.000000e+00
