0.000000e+00 1.000000e-02 2.000000e-02 1.013646e+00
2.000000e-02 3.000000e-02 4.000000e-02 4.183286e+00
4.000000e-02 5.000000e-02 6.000000e-02 6.016490e+00
6.000000e-02 7.000000e-02 8.000000e-02 6.480613e+00
8.000000e-02 9.000000e-02 1.000000e-01 6.119353e+00
1.000000e-01 1.100000e-01 1.200000e-01 5.370721e+00
1.200000e-01 1.300000e-01 1.400000e-01 4.504808e+00
1.400000e-01 1.500000e-01 1.600000e-01 3.666449e+00
1.600000e-01 1.700000e-01 1.800000e-01 2.922195e+00
1.800000e-01 1.900000e-01 2.000000e-01 2.294101e+00
2.000000e-01 2.100000e-01 2.200000e-01 1.781032e+00
2.200000e-01 2.300000e-01 2.400000e-01 1.371161e+00
2.400000e-01 2.500000e-01 2.600000e-01 1.048892e+00
2.600000e-01 2.700000e-01 2.800000e-01 7.984380e-01
2.800000e-01 2.900000e-01 3.000000e-01 6.054888e-01
3.000000e-01 3.100000e-01 3.200000e-01 4.578247e-01
3.200000e-01 3.300000e-01 3.400000e-01 3.453921e-01
3.400000e-01 3.500000e-01 3.600000e-01 2.601216e-01
3.600000e-01 3.700000e-01 3.800000e-01 1.956480e-01
3.800000e-01 3.900000e-01 4.000000e-01 1.470139e-01
4.000000e-01 4.100000e-01 4.200000e-01 1.103942e-01
4.200000e-01 4.300000e-01 4.400000e-01 8.285866e-02
4.400000e-01 4.500000e-01 4.600000e-01 6.217487e-02
4.600000e-01 4.700000e-01 4.800000e-01 4.664926e-02
4.800000e-01 4.900000e-01 5.000000e-01 3.500126e-02
5.000000e-01 5.100000e-01 5.200000e-01 2.626507e-02
5.200000e-01 5.300000e-01 5.400000e-01 1.971371e-02
5.400000e-01 5.500000e-01 5.600000e-01 1.480083e-02
5.600000e-01 5.700000e-01 5.800000e-01 1.111628e-02
5.800000e-01 5.900000e-01 6.000000e-01 8.352401e-03
