0.000000e+00 6.670000e-03 1.333000e-02 3.793099e-03
1.333000e-02 2.000000e-02 2.667000e-02 4.727596e-03
2.667000e-02 3.333000e-02 4.000000e-02 5.937370e-03
4.000000e-02 4.667000e-02 5.333000e-02 1.803753e-02
5.333000e-02 6.000000e-02 6.667000e-02 5.317419e-02
6.667000e-02 7.333000e-02 8.000000e-02 8.730744e-02
8.000000e-02 8.667000e-02 9.333000e-02 1.201267e-01
9.333000e-02 1.000000e-01 1.066700e-01 1.517114e-01
1.066700e-01 1.133300e-01 1.200000e-01 1.826711e-01
1.200000e-01 1.266700e-01 1.333300e-01 2.122741e-01
1.333300e-01 1.400000e-01 1.466700e-01 2.407037e-01
1.466700e-01 1.533300e-01 1.600000e-01 2.681285e-01
1.600000e-01 1.666700e-01 1.733300e-01 2.945011e-01
1.733300e-01 1.800000e-01 1.866700e-01 3.198413e-01
1.866700e-01 1.933300e-01 2.000000e-01 3.441853e-01
2.000000e-01 2.066700e-01 2.133300e-01 3.674747e-01
2.133300e-01 2.200000e-01 2.266700e-01 3.897426e-01
2.266700e-01 2.333300e-01 2.400000e-01 4.113636e-01
2.400000e-01 2.466700e-01 2.533300e-01 4.320379e-01
2.533300e-01 2.600000e-01 2.666700e-01 4.516441e-01
2.666700e-01 2.733300e-01 2.800000e-01 4.701995e-01
2.800000e-01 2.866700e-01 2.933300e-01 4.878270e-01
2.933300e-01 3.000000e-01 3.066700e-01 5.047860e-01
3.066700e-01 3.133300e-01 3.200000e-01 5.209364e-01
3.200000e-01 3.266700e-01 3.333300e-01 5.363048e-01
3.333300e-01 3.400000e-01 3.466700e-01 5.506524e-01
3.466700e-01 3.533300e-01 3.600000e-01 5.643249e-01
3.600000e-01 3.666700e-01 3.733300e-01 5.770857e-01
3.733300e-01 3.800000e-01 3.866700e-01 5.892241e-01
3.866700e-01 3.933300e-01 4.000000e-01 6.003754e-01
4.000000e-01 4.066700e-01 4.133300e-01 6.109020e-01
4.133300e-01 4.200000e-01 4.266700e-01 6.205563e-01
4.266700e-01 4.333300e-01 4.400000e-01 6.297028e-01
4.400000e-01 4.466700e-01 4.533300e-01 6.380852e-01
4.533300e-01 4.600000e-01 4.666700e-01 6.457316e-01
4.666700e-01 4.733300e-01 4.800000e-01 6.528724e-01
4.800000e-01 4.866700e-01 4.933300e-01 6.591106e-01
4.933300e-01 5.000000e-01 5.066700e-01 6.647406e-01
5.066700e-01 5.133300e-01 5.200000e-01 6.698288e-01
5.200000e-01 5.266700e-01 5.333300e-01 6.743994e-01
5.333300e-01 5.400000e-01 5.466700e-01 6.783086e-01
5.466700e-01 5.533300e-01 5.600000e-01 6.815820e-01
5.600000e-01 5.666700e-01 5.733300e-01 6.843739e-01
5.733300e-01 5.800000e-01 5.866700e-01 6.867096e-01
5.866700e-01 5.933300e-01 6.000000e-01 6.883862e-01
6.000000e-01 6.066700e-01 6.133300e-01 6.897871e-01
6.133300e-01 6.200000e-01 6.266700e-01 6.903446e-01
6.266700e-01 6.333300e-01 6.400000e-01 6.907186e-01
6.400000e-01 6.466700e-01 6.533300e-01 6.902515e-01
6.533300e-01 6.600000e-01 6.666700e-01 6.897843e-01
6.666700e-01 6.733300e-01 6.800000e-01 6.889483e-01
6.800000e-01 6.866700e-01 6.933300e-01 6.873171e-01
6.933300e-01 7.000000e-01 7.066700e-01 6.854480e-01
7.066700e-01 7.133300e-01 7.200000e-01 6.835785e-01
7.200000e-01 7.266700e-01 7.333300e-01 6.809747e-01
7.333300e-01 7.400000e-01 7.466700e-01 6.781711e-01
7.466700e-01 7.533300e-01 7.600000e-01 6.749080e-01
7.600000e-01 7.666700e-01 7.733300e-01 6.715536e-01
7.733300e-01 7.800000e-01 7.866700e-01 6.678161e-01
7.866700e-01 7.933300e-01 8.000000e-01 6.639016e-01
8.000000e-01 8.066700e-01 8.133300e-01 6.596961e-01
8.133300e-01 8.200000e-01 8.266700e-01 6.554923e-01
8.266700e-01 8.333300e-01 8.400000e-01 6.509720e-01
8.400000e-01 8.466700e-01 8.533300e-01 6.459407e-01
8.533300e-01 8.600000e-01 8.666700e-01 6.412080e-01
8.666700e-01 8.733300e-01 8.800000e-01 6.360815e-01
8.800000e-01 8.866700e-01 8.933300e-01 6.308676e-01
8.933300e-01 9.000000e-01 9.066700e-01 6.253833e-01
9.066700e-01 9.133300e-01 9.200000e-01 6.200731e-01
9.200000e-01 9.266700e-01 9.333300e-01 6.144676e-01
9.333300e-01 9.400000e-01 9.466700e-01 6.088621e-01
9.466700e-01 9.533300e-01 9.600000e-01 6.032505e-01
9.600000e-01 9.666700e-01 9.733300e-01 5.976462e-01
9.733300e-01 9.800000e-01 9.866700e-01 5.920395e-01
9.866700e-01 9.933300e-01 1.000000e+00 5.860066e-01
1.000000e+00 1.006670e+00 1.013330e+00 5.803375e-01
1.013330e+00 1.020000e+00 1.026670e+00 5.743740e-01
1.026670e+00 1.033330e+00 1.040000e+00 5.686066e-01
1.040000e+00 1.046670e+00 1.053330e+00 5.627373e-01
1.053330e+00 1.060000e+00 1.066670e+00 5.568812e-01
1.066670e+00 1.073330e+00 1.080000e+00 5.510995e-01
1.080000e+00 1.086670e+00 1.093330e+00 5.451529e-01
1.093330e+00 1.100000e+00 1.106670e+00 5.394644e-01
1.106670e+00 1.113330e+00 1.120000e+00 5.338459e-01
1.120000e+00 1.126670e+00 1.133330e+00 5.278277e-01
1.133330e+00 1.140000e+00 1.146670e+00 5.222213e-01
1.146670e+00 1.153330e+00 1.160000e+00 5.167607e-01
1.160000e+00 1.166670e+00 1.173330e+00 5.114266e-01
1.173330e+00 1.180000e+00 1.186670e+00 5.058213e-01
1.186670e+00 1.193330e+00 1.200000e+00 5.004970e-01
1.200000e+00 1.206670e+00 1.213330e+00 4.953570e-01
1.213330e+00 1.220000e+00 1.226670e+00 4.902199e-01
1.226670e+00 1.233330e+00 1.240000e+00 4.850781e-01
1.240000e+00 1.246670e+00 1.253330e+00 4.804055e-01
1.253330e+00 1.260000e+00 1.266670e+00 4.757355e-01
1.266670e+00 1.273330e+00 1.280000e+00 4.710592e-01
1.280000e+00 1.286670e+00 1.293330e+00 4.665727e-01
1.293330e+00 1.300000e+00 1.306670e+00 4.623687e-01
1.306670e+00 1.313330e+00 1.320000e+00 4.581600e-01
1.320000e+00 1.326670e+00 1.333330e+00 4.539567e-01
1.333330e+00 1.340000e+00 1.346670e+00 4.501198e-01
1.346670e+00 1.353330e+00 1.360000e+00 4.459645e-01
1.360000e+00 1.366670e+00 1.373330e+00 4.421832e-01
1.373330e+00 1.380000e+00 1.386670e+00 4.380619e-01
1.386670e+00 1.393330e+00 1.400000e+00 4.343216e-01
1.400000e+00 1.406670e+00 1.413330e+00 4.305851e-01
1.413330e+00 1.420000e+00 1.426670e+00 4.268468e-01
1.426670e+00 1.433330e+00 1.440000e+00 4.228397e-01
1.440000e+00 1.446670e+00 1.453330e+00 4.189485e-01
1.453330e+00 1.460000e+00 1.466670e+00 4.148511e-01
1.466670e+00 1.473330e+00 1.480000e+00 4.110502e-01
1.480000e+00 1.486670e+00 1.493330e+00 4.068612e-01
1.493330e+00 1.500000e+00 1.506670e+00 4.026561e-01
1.506670e+00 1.513330e+00 1.520000e+00 3.984498e-01
1.520000e+00 1.526670e+00 1.533330e+00 3.940773e-01
1.533330e+00 1.540000e+00 1.546670e+00 3.894060e-01
1.546670e+00 1.553330e+00 1.560000e+00 3.847312e-01
1.560000e+00 1.566670e+00 1.573330e+00 3.800584e-01
1.573330e+00 1.580000e+00 1.586670e+00 3.750381e-01
1.586670e+00 1.593330e+00 1.600000e+00 3.698948e-01
1.600000e+00 1.606670e+00 1.613330e+00 3.643129e-01
1.613330e+00 1.620000e+00 1.626670e+00 3.586431e-01
1.626670e+00 1.633330e+00 1.640000e+00 3.525639e-01
1.640000e+00 1.646670e+00 1.653330e+00 3.464907e-01
1.653330e+00 1.660000e+00 1.666670e+00 3.402150e-01
1.666670e+00 1.673330e+00 1.680000e+00 3.336682e-01
1.680000e+00 1.686670e+00 1.693330e+00 3.271293e-01
1.693330e+00 1.700000e+00 1.706670e+00 3.202476e-01
1.706670e+00 1.713330e+00 1.720000e+00 3.136203e-01
1.720000e+00 1.726670e+00 1.733330e+00 3.066387e-01
1.733330e+00 1.740000e+00 1.746670e+00 2.992194e-01
1.746670e+00 1.753330e+00 1.760000e+00 2.922060e-01
1.760000e+00 1.766670e+00 1.773330e+00 2.850515e-01
1.773330e+00 1.780000e+00 1.786670e+00 2.777696e-01
1.786670e+00 1.793330e+00 1.800000e+00 2.705172e-01
1.800000e+00 1.806670e+00 1.813330e+00 2.633292e-01
1.813330e+00 1.820000e+00 1.826670e+00 2.563199e-01
1.826670e+00 1.833330e+00 1.840000e+00 2.489316e-01
1.840000e+00 1.846670e+00 1.853330e+00 2.418819e-01
1.853330e+00 1.860000e+00 1.866670e+00 2.352922e-01
1.866670e+00 1.873330e+00 1.880000e+00 2.283760e-01
1.880000e+00 1.886670e+00 1.893330e+00 2.218340e-01
1.893330e+00 1.900000e+00 1.906670e+00 2.152940e-01
1.906670e+00 1.913330e+00 1.920000e+00 2.089812e-01
1.920000e+00 1.926670e+00 1.933330e+00 2.029066e-01
1.933330e+00 1.940000e+00 1.946670e+00 1.968351e-01
1.946670e+00 1.953330e+00 1.960000e+00 1.911259e-01
1.960000e+00 1.966670e+00 1.973330e+00 1.859335e-01
1.973330e+00 1.980000e+00 1.986670e+00 1.808358e-01
1.986670e+00 1.993330e+00 2.000000e+00 1.761594e-01
2.000000e+00 2.006670e+00 2.013330e+00 1.716185e-01
2.013330e+00 2.020000e+00 2.026670e+00 1.674149e-01
2.026670e+00 2.033330e+00 2.040000e+00 1.634289e-01
2.040000e+00 2.046670e+00 2.053330e+00 1.599606e-01
2.053330e+00 2.060000e+00 2.066670e+00 1.566904e-01
2.066670e+00 2.073330e+00 2.080000e+00 1.534169e-01
2.080000e+00 2.086670e+00 2.093330e+00 1.505539e-01
2.093330e+00 2.100000e+00 2.106670e+00 1.477503e-01
2.106670e+00 2.113330e+00 2.120000e+00 1.450210e-01
2.120000e+00 2.126670e+00 2.133330e+00 1.426859e-01
2.133330e+00 2.140000e+00 2.146670e+00 1.403495e-01
2.146670e+00 2.153330e+00 2.160000e+00 1.382257e-01
2.160000e+00 2.166670e+00 2.173330e+00 1.363572e-01
2.173330e+00 2.180000e+00 2.186670e+00 1.344881e-01
2.186670e+00 2.193330e+00 2.200000e+00 1.326186e-01
2.200000e+00 2.206670e+00 2.213330e+00 1.307497e-01
2.213330e+00 2.220000e+00 2.226670e+00 1.289018e-01
2.226670e+00 2.233330e+00 2.240000e+00 1.274327e-01
2.240000e+00 2.246670e+00 2.253330e+00 1.256765e-01
2.253330e+00 2.260000e+00 2.266670e+00 1.241164e-01
2.266670e+00 2.273330e+00 2.280000e+00 1.224513e-01
2.280000e+00 2.286670e+00 2.293330e+00 1.207990e-01
2.293330e+00 2.300000e+00 2.306670e+00 1.189307e-01
2.306670e+00 2.313330e+00 2.320000e+00 1.174027e-01
2.320000e+00 2.326670e+00 2.333330e+00 1.156129e-01
2.333330e+00 2.340000e+00 2.346670e+00 1.137331e-01
2.346670e+00 2.353330e+00 2.360000e+00 1.114531e-01
2.360000e+00 2.366670e+00 2.373330e+00 1.094803e-01
2.373330e+00 2.380000e+00 2.386670e+00 1.072946e-01
2.386670e+00 2.393330e+00 2.400000e+00 1.052284e-01
2.400000e+00 2.406670e+00 2.413330e+00 1.026515e-01
2.413330e+00 2.420000e+00 2.426670e+00 1.001357e-01
2.426670e+00 2.433330e+00 2.440000e+00 9.779750e-02
2.440000e+00 2.446670e+00 2.453330e+00 9.508377e-02
2.453330e+00 2.460000e+00 2.466670e+00 9.270172e-02
2.466670e+00 2.473330e+00 2.480000e+00 8.989614e-02
2.480000e+00 2.486670e+00 2.493330e+00 8.718888e-02
2.493330e+00 2.500000e+00 2.506670e+00 8.471187e-02
2.506670e+00 2.513330e+00 2.520000e+00 8.190691e-02
2.520000e+00 2.526670e+00 2.533330e+00 7.910427e-02
2.533330e+00 2.540000e+00 2.546670e+00 7.630057e-02
2.546670e+00 2.553330e+00 2.560000e+00 7.349623e-02
2.560000e+00 2.566670e+00 2.573330e+00 7.069297e-02
2.573330e+00 2.580000e+00 2.586670e+00 6.830489e-02
2.586670e+00 2.593330e+00 2.600000e+00 6.550682e-02
2.600000e+00 2.606670e+00 2.613330e+00 6.278899e-02
2.613330e+00 2.620000e+00 2.626670e+00 6.032147e-02
2.626670e+00 2.633330e+00 2.640000e+00 5.769453e-02
2.640000e+00 2.646670e+00 2.653330e+00 5.513472e-02
2.653330e+00 2.660000e+00 2.666670e+00 5.260125e-02
2.666670e+00 2.673330e+00 2.680000e+00 5.026365e-02
2.680000e+00 2.686670e+00 2.693330e+00 4.792724e-02
2.693330e+00 2.700000e+00 2.706670e+00 4.559234e-02
2.706670e+00 2.713330e+00 2.720000e+00 4.370682e-02
2.720000e+00 2.726670e+00 2.733330e+00 4.176101e-02
2.733330e+00 2.740000e+00 2.746670e+00 3.954836e-02
2.746670e+00 2.753330e+00 2.760000e+00 3.784648e-02
2.760000e+00 2.766670e+00 2.773330e+00 3.623080e-02
2.773330e+00 2.780000e+00 2.786670e+00 3.436229e-02
2.786670e+00 2.793330e+00 2.800000e+00 3.279792e-02
2.800000e+00 2.806670e+00 2.813330e+00 3.139687e-02
2.813330e+00 2.820000e+00 2.826670e+00 2.999517e-02
2.826670e+00 2.833330e+00 2.840000e+00 2.859232e-02
2.840000e+00 2.846670e+00 2.853330e+00 2.719137e-02
2.853330e+00 2.860000e+00 2.866670e+00 2.590309e-02
2.866670e+00 2.873330e+00 2.880000e+00 2.480844e-02
2.880000e+00 2.886670e+00 2.893330e+00 2.361244e-02
2.893330e+00 2.900000e+00 2.906670e+00 2.267787e-02
2.906670e+00 2.913330e+00 2.920000e+00 2.174305e-02
2.920000e+00 2.926670e+00 2.933330e+00 2.080866e-02
2.933330e+00 2.940000e+00 2.946670e+00 1.987410e-02
2.946670e+00 2.953330e+00 2.960000e+00 1.895248e-02
2.960000e+00 2.966670e+00 2.973330e+00 1.842635e-02
2.973330e+00 2.980000e+00 2.986670e+00 1.749195e-02
2.986670e+00 2.993330e+00 3.000000e+00 1.670769e-02
3.000000e+00 3.006670e+00 3.013330e+00 1.624040e-02
3.013330e+00 3.020000e+00 3.026670e+00 1.553130e-02
3.026670e+00 3.033330e+00 3.040000e+00 1.488434e-02
3.040000e+00 3.046670e+00 3.053330e+00 1.441706e-02
3.053330e+00 3.060000e+00 3.066670e+00 1.357065e-02
3.066670e+00 3.073330e+00 3.080000e+00 1.306101e-02
3.080000e+00 3.086670e+00 3.093330e+00 1.259376e-02
3.093330e+00 3.100000e+00 3.106670e+00 1.212676e-02
3.106670e+00 3.113330e+00 3.120000e+00 1.165912e-02
3.120000e+00 3.126670e+00 3.133330e+00 1.119198e-02
3.133330e+00 3.140000e+00 3.146670e+00 1.072487e-02
3.146670e+00 3.153330e+00 3.160000e+00 1.025724e-02
3.160000e+00 3.166670e+00 3.173330e+00 9.790200e-03
3.173330e+00 3.180000e+00 3.186670e+00 9.322990e-03
3.186670e+00 3.193330e+00 3.200000e+00 9.272019e-03
3.200000e+00 3.206670e+00 3.213330e+00 8.809844e-03
3.213330e+00 3.220000e+00 3.226670e+00 8.342561e-03
3.226670e+00 3.233330e+00 3.240000e+00 7.875026e-03
3.240000e+00 3.246670e+00 3.253330e+00 7.586197e-03
3.253330e+00 3.260000e+00 3.266670e+00 7.362132e-03
3.266670e+00 3.273330e+00 3.280000e+00 6.894701e-03
3.280000e+00 3.286670e+00 3.293330e+00 6.427532e-03
3.293330e+00 3.300000e+00 3.306670e+00 6.321831e-03
3.306670e+00 3.313330e+00 3.320000e+00 5.914376e-03
3.320000e+00 3.326670e+00 3.333330e+00 5.478921e-03
3.333330e+00 3.340000e+00 3.346670e+00 5.401334e-03
3.346670e+00 3.353330e+00 3.360000e+00 4.933959e-03
3.360000e+00 3.366670e+00 3.373330e+00 4.636009e-03
3.373330e+00 3.380000e+00 3.386670e+00 4.421008e-03
3.386670e+00 3.393330e+00 3.400000e+00 3.953530e-03
3.400000e+00 3.406670e+00 3.413330e+00 3.793099e-03
3.413330e+00 3.420000e+00 3.426670e+00 3.440683e-03
3.426670e+00 3.433330e+00 3.440000e+00 3.371643e-03
3.440000e+00 3.446670e+00 3.453330e+00 2.927291e-03
3.453330e+00 3.460000e+00 3.466670e+00 2.528733e-03
3.466670e+00 3.473330e+00 3.480000e+00 2.414129e-03
3.480000e+00 3.486670e+00 3.493330e+00 1.946966e-03
3.493330e+00 3.500000e+00 3.506670e+00 1.479879e-03
3.506670e+00 3.513330e+00 3.520000e+00 1.264366e-03
3.520000e+00 3.526670e+00 3.533330e+00 9.666403e-04
3.533330e+00 3.540000e+00 3.546670e+00 4.994501e-04
3.546670e+00 3.553330e+00 3.560000e+00 4.214554e-04
3.560000e+00 3.566670e+00 3.573330e+00 4.214554e-04
3.573330e+00 3.580000e+00 3.586670e+00 4.214554e-04
3.586670e+00 3.593330e+00 3.600000e+00 4.214554e-04
3.600000e+00 3.606670e+00 3.613330e+00 4.214554e-04
3.613330e+00 3.620000e+00 3.626670e+00 4.214554e-04
3.626670e+00 3.633330e+00 3.640000e+00 4.214554e-04
3.640000e+00 3.646670e+00 3.653330e+00 4.214554e-04
3.653330e+00 3.660000e+00 3.666670e+00 4.214554e-04
3.666670e+00 3.673330e+00 3.680000e+00 4.214554e-04
3.680000e+00 3.686670e+00 3.693330e+00 4.214554e-04
3.693330e+00 3.700000e+00 3.706670e+00 4.214554e-04
3.706670e+00 3.713330e+00 3.720000e+00 4.214554e-04
3.720000e+00 3.726670e+00 3.733330e+00 4.214554e-04
3.733330e+00 3.740000e+00 3.746670e+00 4.214554e-04
3.746670e+00 3.753330e+00 3.760000e+00 4.214554e-04
3.760000e+00 3.766670e+00 3.773330e+00 4.214554e-04
3.773330e+00 3.780000e+00 3.786670e+00 4.214554e-04
3.786670e+00 3.793330e+00 3.800000e+00 4.214554e-04
3.800000e+00 3.806670e+00 3.813330e+00 4.214554e-04
3.813330e+00 3.820000e+00 3.826670e+00 4.214554e-04
3.826670e+00 3.833330e+00 3.840000e+00 4.214554e-04
3.840000e+00 3.846670e+00 3.853330e+00 4.214554e-04
3.853330e+00 3.860000e+00 3.866670e+00 4.214554e-04
3.866670e+00 3.873330e+00 3.880000e+00 4.214554e-04
3.880000e+00 3.886670e+00 3.893330e+00 4.214554e-04
3.893330e+00 3.900000e+00 3.906670e+00 4.214554e-04
3.906670e+00 3.913330e+00 3.920000e+00 4.214554e-04
3.920000e+00 3.926670e+00 3.933330e+00 4.214554e-04
3.933330e+00 3.940000e+00 3.946670e+00 4.214554e-04
3.946670e+00 3.953330e+00 3.960000e+00 4.214554e-04
3.960000e+00 3.966670e+00 3.973330e+00 4.214554e-04
3.973330e+00 3.980000e+00 3.986670e+00 4.214554e-04
3.986670e+00 3.993330e+00 4.000000e+00 4.214554e-04
