0.000000e+00 1.000000e-02 2.000000e-02 2.341530e-01
2.000000e-02 3.000000e-02 4.000000e-02 1.175266e+00
4.000000e-02 5.000000e-02 6.000000e-02 2.056579e+00
6.000000e-02 7.000000e-02 8.000000e-02 2.687323e+00
8.000000e-02 9.000000e-02 1.000000e-01 3.068933e+00
1.000000e-01 1.100000e-01 1.200000e-01 3.248452e+00
1.200000e-01 1.300000e-01 1.400000e-01 3.277817e+00
1.400000e-01 1.500000e-01 1.600000e-01 3.202043e+00
1.600000e-01 1.700000e-01 1.800000e-01 3.056772e+00
1.800000e-01 1.900000e-01 2.000000e-01 2.868901e+00
2.000000e-01 2.100000e-01 2.200000e-01 2.658070e+00
2.200000e-01 2.300000e-01 2.400000e-01 2.438228e+00
2.400000e-01 2.500000e-01 2.600000e-01 2.218996e+00
2.600000e-01 2.700000e-01 2.800000e-01 2.006775e+00
2.800000e-01 2.900000e-01 3.000000e-01 1.805614e+00
3.000000e-01 3.100000e-01 3.200000e-01 1.617865e+00
3.200000e-01 3.300000e-01 3.400000e-01 1.444685e+00
3.400000e-01 3.500000e-01 3.600000e-01 1.286396e+00
3.600000e-01 3.700000e-01 3.800000e-01 1.142761e+00
3.800000e-01 3.900000e-01 4.000000e-01 1.013179e+00
4.000000e-01 4.100000e-01 4.200000e-01 8.968262e-01
4.200000e-01 4.300000e-01 4.400000e-01 7.927543e-01
4.400000e-01 4.500000e-01 4.600000e-01 6.999638e-01
4.600000e-01 4.700000e-01 4.800000e-01 6.174506e-01
4.800000e-01 4.900000e-01 5.000000e-01 5.442381e-01
5.000000e-01 5.100000e-01 5.200000e-01 4.793975e-01
5.200000e-01 5.300000e-01 5.400000e-01 4.220599e-01
5.400000e-01 5.500000e-01 5.600000e-01 3.714227e-01
5.600000e-01 5.700000e-01 5.800000e-01 3.267510e-01
5.800000e-01 5.900000e-01 6.000000e-01 2.873774e-01
6.000000e-01 6.100000e-01 6.200000e-01 2.526996e-01
6.200000e-01 6.300000e-01 6.400000e-01 2.221763e-01
6.400000e-01 6.500000e-01 6.600000e-01 1.953234e-01
6.600000e-01 6.700000e-01 6.800000e-01 1.717092e-01
6.800000e-01 6.900000e-01 7.000000e-01 1.509496e-01
7.000000e-01 7.100000e-01 7.200000e-01 1.327043e-01
7.200000e-01 7.300000e-01 7.400000e-01 1.166716e-01
7.400000e-01 7.500000e-01 7.600000e-01 1.025851e-01
7.600000e-01 7.700000e-01 7.800000e-01 9.020959e-02
7.800000e-01 7.900000e-01 8.000000e-01 7.933760e-02
8.000000e-01 8.100000e-01 8.200000e-01 6.978650e-02
8.200000e-01 8.300000e-01 8.400000e-01 6.139552e-02
8.400000e-01 8.500000e-01 8.600000e-01 5.402331e-02
8.600000e-01 8.700000e-01 8.800000e-01 4.754559e-02
8.800000e-01 8.900000e-01 9.000000e-01 4.185321e-02
9.000000e-01 9.100000e-01 9.200000e-01 3.685029e-02
9.200000e-01 9.300000e-01 9.400000e-01 3.245268e-02
9.400000e-01 9.500000e-01 9.600000e-01 2.858648e-02
9.600000e-01 9.700000e-01 9.800000e-01 2.518688e-02
9.800000e-01 9.900000e-01 1.000000e+00 2.219699e-02
1.000000e+00 1.010000e+00 1.020000e+00 1.956690e-02
1.020000e+00 1.030000e+00 1.040000e+00 1.725282e-02
1.040000e+00 1.050000e+00 1.060000e+00 1.521632e-02
1.060000e+00 1.070000e+00 1.080000e+00 1.342371e-02
1.080000e+00 1.090000e+00 1.100000e+00 1.184539e-02
1.100000e+00 1.110000e+00 1.120000e+00 1.045542e-02
1.120000e+00 1.130000e+00 1.140000e+00 9.231018e-03
1.140000e+00 1.150000e+00 1.160000e+00 8.152192e-03
1.160000e+00 1.170000e+00 1.180000e+00 7.201390e-03
1.180000e+00 1.190000e+00 1.200000e+00 6.363203e-03
