0.000000e+00 6.939800e-03 1.387960e-02 1.159645e-07
1.387960e-02 2.081940e-02 2.775920e-02 3.944684e-06
2.775920e-02 3.469900e-02 4.163880e-02 2.025900e-05
4.163880e-02 4.857860e-02 5.551840e-02 5.930850e-05
5.551840e-02 6.245820e-02 6.939800e-02 1.318326e-04
6.939800e-02 7.633780e-02 8.327760e-02 2.486184e-04
8.327760e-02 9.021740e-02 9.715720e-02 4.201814e-04
9.715720e-02 1.040970e-01 1.110370e-01 6.565092e-04
1.110370e-01 1.179770e-01 1.249160e-01 9.668588e-04
1.249160e-01 1.318560e-01 1.387960e-01 1.359522e-03
1.387960e-01 1.457360e-01 1.526760e-01 1.841819e-03
1.526760e-01 1.596150e-01 1.665550e-01 2.419756e-03
1.665550e-01 1.734950e-01 1.804350e-01 3.098217e-03
1.804350e-01 1.873750e-01 1.943140e-01 3.880621e-03
1.943140e-01 2.012540e-01 2.081940e-01 4.768969e-03
2.081940e-01 2.151340e-01 2.220740e-01 5.764050e-03
2.220740e-01 2.290130e-01 2.359530e-01 6.864984e-03
2.359530e-01 2.428930e-01 2.498330e-01 8.069808e-03
2.498330e-01 2.567730e-01 2.637120e-01 9.374991e-03
2.637120e-01 2.706520e-01 2.775920e-01 1.077570e-02
2.775920e-01 2.845320e-01 2.914720e-01 1.226620e-02
2.914720e-01 2.984110e-01 3.053510e-01 1.383923e-02
3.053510e-01 3.122910e-01 3.192310e-01 1.548698e-02
3.192310e-01 3.261710e-01 3.331100e-01 1.720038e-02
3.331100e-01 3.400500e-01 3.469900e-01 1.896958e-02
3.469900e-01 3.539300e-01 3.608700e-01 2.078446e-02
3.608700e-01 3.678090e-01 3.747490e-01 2.263386e-02
3.747490e-01 3.816890e-01 3.886290e-01 2.450675e-02
3.886290e-01 3.955690e-01 4.025080e-01 2.639145e-02
4.025080e-01 4.094480e-01 4.163880e-01 2.827616e-02
4.163880e-01 4.233280e-01 4.302680e-01 3.014945e-02
4.302680e-01 4.372070e-01 4.441470e-01 3.199950e-02
4.441470e-01 4.510870e-01 4.580270e-01 3.381525e-02
4.580270e-01 4.649670e-01 4.719060e-01 3.558559e-02
4.719060e-01 4.788460e-01 4.857860e-01 3.729987e-02
4.857860e-01 4.927260e-01 4.996660e-01 3.894833e-02
4.996660e-01 5.066050e-01 5.135450e-01 4.052136e-02
5.135450e-01 5.204850e-01 5.274250e-01 4.201052e-02
5.274250e-01 5.343650e-01 5.413040e-01 4.340776e-02
5.413040e-01 5.482440e-01 5.551840e-01 4.470587e-02
5.551840e-01 5.621240e-01 5.690640e-01 4.427574e-02
5.690640e-01 5.760030e-01 5.829430e-01 4.543115e-02
5.829430e-01 5.898830e-01 5.968230e-01 4.658657e-02
5.968230e-01 6.037630e-01 6.107020e-01 4.774200e-02
6.107020e-01 6.176420e-01 6.245820e-01 4.889741e-02
6.245820e-01 6.315220e-01 6.384620e-01 5.005284e-02
6.384620e-01 6.454010e-01 6.523410e-01 5.120826e-02
6.523410e-01 6.592810e-01 6.662210e-01 5.215402e-02
6.662210e-01 6.731610e-01 6.801000e-01 5.206651e-02
6.801000e-01 6.870400e-01 6.939800e-01 5.197901e-02
6.939800e-01 7.009200e-01 7.078600e-01 5.189151e-02
7.078600e-01 7.147990e-01 7.217390e-01 5.180400e-02
7.217390e-01 7.286790e-01 7.356190e-01 5.171650e-02
7.356190e-01 7.425590e-01 7.494980e-01 5.162899e-02
7.494980e-01 7.564380e-01 7.633780e-01 5.154148e-02
7.633780e-01 7.703180e-01 7.772580e-01 5.060501e-02
7.772580e-01 7.841970e-01 7.911370e-01 4.963670e-02
7.911370e-01 7.980770e-01 8.050170e-01 4.866839e-02
8.050170e-01 8.119570e-01 8.188960e-01 4.770009e-02
8.188960e-01 8.258360e-01 8.327760e-01 4.673177e-02
8.327760e-01 8.397160e-01 8.466560e-01 4.576347e-02
8.466560e-01 8.535950e-01 8.605350e-01 4.479516e-02
8.605350e-01 8.674750e-01 8.744150e-01 4.354338e-02
8.744150e-01 8.813550e-01 8.882940e-01 4.220162e-02
8.882940e-01 8.952340e-01 9.021740e-01 4.085985e-02
9.021740e-01 9.091140e-01 9.160540e-01 3.951809e-02
9.160540e-01 9.229930e-01 9.299330e-01 3.817633e-02
9.299330e-01 9.368730e-01 9.438130e-01 3.683456e-02
9.438130e-01 9.507530e-01 9.576920e-01 3.549279e-02
9.576920e-01 9.646320e-01 9.715720e-01 3.415895e-02
9.715720e-01 9.785120e-01 9.854520e-01 3.283149e-02
9.854520e-01 9.923920e-01 9.993310e-01 3.150400e-02
9.993310e-01 1.006270e+00 1.013210e+00 3.017653e-02
1.013210e+00 1.020150e+00 1.027090e+00 2.884906e-02
1.027090e+00 1.034030e+00 1.040970e+00 2.752159e-02
1.040970e+00 1.047910e+00 1.054850e+00 2.619413e-02
1.054850e+00 1.061790e+00 1.068730e+00 2.494248e-02
1.068730e+00 1.075670e+00 1.082610e+00 2.383204e-02
1.082610e+00 1.089550e+00 1.096490e+00 2.272160e-02
1.096490e+00 1.103430e+00 1.110370e+00 2.161116e-02
1.110370e+00 1.117310e+00 1.124250e+00 2.050071e-02
1.124250e+00 1.131190e+00 1.138130e+00 1.939027e-02
1.138130e+00 1.145070e+00 1.152010e+00 1.827984e-02
1.152010e+00 1.158950e+00 1.165890e+00 1.720915e-02
1.165890e+00 1.172830e+00 1.179770e+00 1.637365e-02
1.179770e+00 1.186710e+00 1.193650e+00 1.553814e-02
1.193650e+00 1.200590e+00 1.207530e+00 1.470263e-02
1.207530e+00 1.214470e+00 1.221400e+00 1.386713e-02
1.221400e+00 1.228340e+00 1.235280e+00 1.303163e-02
1.235280e+00 1.242220e+00 1.249160e+00 1.219612e-02
1.249160e+00 1.256100e+00 1.263040e+00 1.136062e-02
1.263040e+00 1.269980e+00 1.276920e+00 1.076188e-02
1.276920e+00 1.283860e+00 1.290800e+00 1.017832e-02
1.290800e+00 1.297740e+00 1.304680e+00 9.594757e-03
1.304680e+00 1.311620e+00 1.318560e+00 9.011191e-03
1.318560e+00 1.325500e+00 1.332440e+00 8.427631e-03
1.332440e+00 1.339380e+00 1.346320e+00 7.844065e-03
1.346320e+00 1.353260e+00 1.360200e+00 7.260505e-03
1.360200e+00 1.367140e+00 1.374080e+00 6.822431e-03
1.374080e+00 1.381020e+00 1.387960e+00 6.436816e-03
1.387960e+00 1.394900e+00 1.401840e+00 6.051209e-03
1.401840e+00 1.408780e+00 1.415720e+00 5.665601e-03
1.415720e+00 1.422660e+00 1.429600e+00 5.279989e-03
1.429600e+00 1.436540e+00 1.443480e+00 4.894378e-03
1.443480e+00 1.450420e+00 1.457360e+00 4.508770e-03
1.457360e+00 1.464300e+00 1.471240e+00 4.198170e-03
1.471240e+00 1.478180e+00 1.485120e+00 3.954056e-03
1.485120e+00 1.492060e+00 1.499000e+00 3.709941e-03
1.499000e+00 1.505940e+00 1.512880e+00 3.465824e-03
1.512880e+00 1.519820e+00 1.526760e+00 3.221708e-03
1.526760e+00 1.533700e+00 1.540640e+00 2.977593e-03
1.540640e+00 1.547580e+00 1.554520e+00 2.733479e-03
1.554520e+00 1.561460e+00 1.568390e+00 2.520183e-03
1.568390e+00 1.575330e+00 1.582270e+00 2.370806e-03
1.582270e+00 1.589210e+00 1.596150e+00 2.221432e-03
1.596150e+00 1.603090e+00 1.610030e+00 2.072055e-03
1.610030e+00 1.616970e+00 1.623910e+00 1.922680e-03
1.623910e+00 1.630850e+00 1.637790e+00 1.773304e-03
1.637790e+00 1.644730e+00 1.651670e+00 1.623928e-03
1.651670e+00 1.658610e+00 1.665550e+00 1.481837e-03
1.665550e+00 1.672490e+00 1.679430e+00 1.392910e-03
1.679430e+00 1.686370e+00 1.693310e+00 1.303983e-03
1.693310e+00 1.700250e+00 1.707190e+00 1.215056e-03
1.707190e+00 1.714130e+00 1.721070e+00 1.126129e-03
1.721070e+00 1.728010e+00 1.734950e+00 1.037202e-03
1.734950e+00 1.741890e+00 1.748830e+00 9.482753e-04
1.748830e+00 1.755770e+00 1.762710e+00 8.593481e-04
1.762710e+00 1.769650e+00 1.776590e+00 8.044518e-04
1.776590e+00 1.783530e+00 1.790470e+00 7.526877e-04
1.790470e+00 1.797410e+00 1.804350e+00 7.009241e-04
1.804350e+00 1.811290e+00 1.818230e+00 6.491613e-04
1.818230e+00 1.825170e+00 1.832110e+00 5.973972e-04
1.832110e+00 1.839050e+00 1.845990e+00 5.456345e-04
1.845990e+00 1.852930e+00 1.859870e+00 4.938708e-04
1.859870e+00 1.866810e+00 1.873750e+00 4.578804e-04
1.873750e+00 1.880690e+00 1.887630e+00 4.283059e-04
1.887630e+00 1.894570e+00 1.901510e+00 3.987312e-04
1.901510e+00 1.908450e+00 1.915380e+00 3.691567e-04
1.915380e+00 1.922320e+00 1.929260e+00 3.395819e-04
1.929260e+00 1.936200e+00 1.943140e+00 3.100072e-04
1.943140e+00 1.950080e+00 1.957020e+00 2.804330e-04
1.957020e+00 1.963960e+00 1.970900e+00 2.574053e-04
1.970900e+00 1.977840e+00 1.984780e+00 2.407686e-04
1.984780e+00 1.991720e+00 1.998660e+00 2.241322e-04
1.998660e+00 2.005600e+00 2.012540e+00 2.074953e-04
2.012540e+00 2.019480e+00 2.026420e+00 1.908589e-04
2.026420e+00 2.033360e+00 2.040300e+00 1.742220e-04
2.040300e+00 2.047240e+00 2.054180e+00 1.575855e-04
2.054180e+00 2.061120e+00 2.068060e+00 1.431778e-04
2.068060e+00 2.075000e+00 2.081940e+00 1.339407e-04
2.081940e+00 2.088880e+00 2.095820e+00 1.247038e-04
2.095820e+00 2.102760e+00 2.109700e+00 1.154666e-04
2.109700e+00 2.116640e+00 2.123580e+00 1.062296e-04
2.123580e+00 2.130520e+00 2.137460e+00 9.699256e-05
2.137460e+00 2.144400e+00 2.151340e+00 8.775538e-05
2.151340e+00 2.158280e+00 2.165220e+00 7.891990e-05
2.165220e+00 2.172160e+00 2.179100e+00 7.384754e-05
2.179100e+00 2.186040e+00 2.192980e+00 6.877507e-05
2.192980e+00 2.199920e+00 2.206860e+00 6.370270e-05
2.206860e+00 2.213800e+00 2.220740e+00 5.863034e-05
2.220740e+00 2.227680e+00 2.234620e+00 5.355788e-05
2.234620e+00 2.241560e+00 2.248500e+00 4.848560e-05
2.248500e+00 2.255440e+00 2.262370e+00 4.341314e-05
2.262370e+00 2.269310e+00 2.276250e+00 4.040292e-05
2.276250e+00 2.283190e+00 2.290130e+00 3.764345e-05
2.290130e+00 2.297070e+00 2.304010e+00 3.488392e-05
2.304010e+00 2.310950e+00 2.317890e+00 3.212444e-05
2.317890e+00 2.324830e+00 2.331770e+00 2.936496e-05
2.331770e+00 2.338710e+00 2.345650e+00 2.660549e-05
2.345650e+00 2.352590e+00 2.359530e+00 2.384596e-05
2.359530e+00 2.366470e+00 2.373410e+00 2.195878e-05
2.373410e+00 2.380350e+00 2.387290e+00 2.046946e-05
2.387290e+00 2.394230e+00 2.401170e+00 1.898012e-05
2.401170e+00 2.408110e+00 2.415050e+00 1.749083e-05
2.415050e+00 2.421990e+00 2.428930e+00 1.600148e-05
2.428930e+00 2.435870e+00 2.442810e+00 1.451214e-05
2.442810e+00 2.449750e+00 2.456690e+00 1.302284e-05
2.456690e+00 2.463630e+00 2.470570e+00 1.186650e-05
2.470570e+00 2.477510e+00 2.484450e+00 1.106813e-05
2.484450e+00 2.491390e+00 2.498330e+00 1.026976e-05
2.498330e+00 2.505270e+00 2.512210e+00 9.471370e-06
2.512210e+00 2.519150e+00 2.526090e+00 8.672999e-06
2.526090e+00 2.533030e+00 2.539970e+00 7.874625e-06
2.539970e+00 2.546910e+00 2.553850e+00 7.076239e-06
2.553850e+00 2.560790e+00 2.567730e+00 6.381200e-06
2.567730e+00 2.574670e+00 2.581610e+00 5.955678e-06
2.581610e+00 2.588550e+00 2.595490e+00 5.530157e-06
2.595490e+00 2.602430e+00 2.609360e+00 5.104634e-06
2.609360e+00 2.616300e+00 2.623240e+00 4.679106e-06
2.623240e+00 2.630180e+00 2.637120e+00 4.253584e-06
2.637120e+00 2.644060e+00 2.651000e+00 3.828062e-06
2.651000e+00 2.657940e+00 2.664880e+00 3.416989e-06
2.664880e+00 2.671820e+00 2.678760e+00 3.191303e-06
2.678760e+00 2.685700e+00 2.692640e+00 2.965621e-06
2.692640e+00 2.699580e+00 2.706520e+00 2.739939e-06
2.706520e+00 2.713460e+00 2.720400e+00 2.514252e-06
2.720400e+00 2.727340e+00 2.734280e+00 2.288574e-06
2.734280e+00 2.741220e+00 2.748160e+00 2.062888e-06
2.748160e+00 2.755100e+00 2.762040e+00 1.837202e-06
2.762040e+00 2.768980e+00 2.775920e+00 1.703899e-06
2.775920e+00 2.782860e+00 2.789800e+00 1.584701e-06
2.789800e+00 2.796740e+00 2.803680e+00 1.465504e-06
2.803680e+00 2.810620e+00 2.817560e+00 1.346308e-06
2.817560e+00 2.824500e+00 2.831440e+00 1.227109e-06
2.831440e+00 2.838380e+00 2.845320e+00 1.107913e-06
2.845320e+00 2.852260e+00 2.859200e+00 9.887163e-07
2.859200e+00 2.866140e+00 2.873080e+00 9.069373e-07
2.873080e+00 2.880020e+00 2.886960e+00 8.442062e-07
2.886960e+00 2.893900e+00 2.900840e+00 7.814751e-07
2.900840e+00 2.907780e+00 2.914720e+00 7.187440e-07
2.914720e+00 2.921660e+00 2.928600e+00 6.560118e-07
2.928600e+00 2.935540e+00 2.942480e+00 5.932807e-07
2.942480e+00 2.949420e+00 2.956350e+00 5.305496e-07
2.956350e+00 2.963290e+00 2.970230e+00 4.814697e-07
2.970230e+00 2.977170e+00 2.984110e+00 4.485542e-07
2.984110e+00 2.991050e+00 2.997990e+00 4.156382e-07
2.997990e+00 3.004930e+00 3.011870e+00 3.827227e-07
3.011870e+00 3.018810e+00 3.025750e+00 3.498072e-07
3.025750e+00 3.032690e+00 3.039630e+00 3.168912e-07
3.039630e+00 3.046570e+00 3.053510e+00 2.839762e-07
3.053510e+00 3.060450e+00 3.067390e+00 2.550299e-07
3.067390e+00 3.074330e+00 3.081270e+00 2.378019e-07
3.081270e+00 3.088210e+00 3.095150e+00 2.205745e-07
3.095150e+00 3.102090e+00 3.109030e+00 2.033465e-07
3.109030e+00 3.115970e+00 3.122910e+00 1.861188e-07
3.122910e+00 3.129850e+00 3.136790e+00 1.688911e-07
3.136790e+00 3.143730e+00 3.150670e+00 1.516631e-07
3.150670e+00 3.157610e+00 3.164550e+00 1.348322e-07
3.164550e+00 3.171490e+00 3.178430e+00 1.258344e-07
3.178430e+00 3.185370e+00 3.192310e+00 1.168365e-07
3.192310e+00 3.199250e+00 3.206190e+00 1.078387e-07
3.206190e+00 3.213130e+00 3.220070e+00 9.884086e-08
3.220070e+00 3.227010e+00 3.233950e+00 8.984305e-08
3.233950e+00 3.240890e+00 3.247830e+00 8.084509e-08
3.247830e+00 3.254770e+00 3.261710e+00 7.184729e-08
3.261710e+00 3.268650e+00 3.275590e+00 6.648163e-08
3.275590e+00 3.282530e+00 3.289470e+00 6.179025e-08
3.289470e+00 3.296410e+00 3.303340e+00 5.709902e-08
3.303340e+00 3.310280e+00 3.317220e+00 5.240764e-08
3.317220e+00 3.324160e+00 3.331100e+00 4.771634e-08
3.331100e+00 3.338040e+00 3.344980e+00 4.302504e-08
3.344980e+00 3.351920e+00 3.358860e+00 3.833366e-08
3.358860e+00 3.365800e+00 3.372740e+00 3.507844e-08
3.372740e+00 3.379680e+00 3.386620e+00 3.263593e-08
3.386620e+00 3.393560e+00 3.400500e+00 3.019338e-08
3.400500e+00 3.407440e+00 3.414380e+00 2.775091e-08
3.414380e+00 3.421320e+00 3.428260e+00 2.530837e-08
3.428260e+00 3.435200e+00 3.442140e+00 2.286582e-08
3.442140e+00 3.449080e+00 3.456020e+00 2.042331e-08
3.456020e+00 3.462960e+00 3.469900e+00 1.848931e-08
3.469900e+00 3.476840e+00 3.483780e+00 1.721904e-08
3.483780e+00 3.490720e+00 3.497660e+00 1.594879e-08
3.497660e+00 3.504600e+00 3.511540e+00 1.467852e-08
3.511540e+00 3.518480e+00 3.525420e+00 1.340825e-08
3.525420e+00 3.532360e+00 3.539300e+00 1.213804e-08
3.539300e+00 3.546240e+00 3.553180e+00 1.086777e-08
3.553180e+00 3.560120e+00 3.567060e+00 9.737216e-09
3.567060e+00 3.574000e+00 3.580940e+00 9.077199e-09
3.580940e+00 3.587880e+00 3.594820e+00 8.417172e-09
3.594820e+00 3.601760e+00 3.608700e+00 7.757167e-09
3.608700e+00 3.615640e+00 3.622580e+00 7.097151e-09
3.622580e+00 3.629520e+00 3.636460e+00 6.437125e-09
3.636460e+00 3.643400e+00 3.650340e+00 5.777097e-09
3.650340e+00 3.657270e+00 3.664210e+00 5.124739e-09
3.664210e+00 3.671150e+00 3.678090e+00 4.782027e-09
3.678090e+00 3.685030e+00 3.691970e+00 4.439304e-09
3.691970e+00 3.698910e+00 3.705850e+00 4.096586e-09
3.705850e+00 3.712790e+00 3.719730e+00 3.753863e-09
3.719730e+00 3.726670e+00 3.733610e+00 3.411145e-09
3.733610e+00 3.740550e+00 3.747490e+00 3.068433e-09
3.747490e+00 3.754430e+00 3.761370e+00 2.725710e-09
3.761370e+00 3.768310e+00 3.775250e+00 2.518044e-09
3.775250e+00 3.782190e+00 3.789130e+00 2.340161e-09
3.789130e+00 3.796070e+00 3.803010e+00 2.162277e-09
3.803010e+00 3.809950e+00 3.816890e+00 1.984399e-09
3.816890e+00 3.823830e+00 3.830770e+00 1.806519e-09
3.830770e+00 3.837710e+00 3.844650e+00 1.628635e-09
3.844650e+00 3.851590e+00 3.858530e+00 1.450754e-09
3.858530e+00 3.865470e+00 3.872410e+00 1.325463e-09
3.872410e+00 3.879350e+00 3.886290e+00 1.233165e-09
3.886290e+00 3.893230e+00 3.900170e+00 1.140871e-09
3.900170e+00 3.907110e+00 3.914050e+00 1.048573e-09
3.914050e+00 3.920990e+00 3.927930e+00 9.562741e-10
3.927930e+00 3.934870e+00 3.941810e+00 8.639772e-10
3.941810e+00 3.948750e+00 3.955690e+00 7.716788e-10
3.955690e+00 3.962630e+00 3.969570e+00 6.975780e-10
3.969570e+00 3.976510e+00 3.983450e+00 6.496935e-10
3.983450e+00 3.990390e+00 3.997320e+00 6.018082e-10
3.997330e+00 4.004260e+00 4.011200e+00 5.539228e-10
4.011200e+00 4.018140e+00 4.025080e+00 5.060384e-10
4.025080e+00 4.032020e+00 4.038960e+00 4.581547e-10
4.038960e+00 4.045900e+00 4.052840e+00 4.102694e-10
4.052840e+00 4.059780e+00 4.066720e+00 3.671043e-10
4.066720e+00 4.073660e+00 4.080600e+00 3.422614e-10
4.080600e+00 4.087540e+00 4.094480e+00 3.174176e-10
4.094480e+00 4.101420e+00 4.108360e+00 2.925747e-10
4.108360e+00 4.115300e+00 4.122240e+00 2.677309e-10
4.122240e+00 4.129180e+00 4.136120e+00 2.428871e-10
4.136120e+00 4.143060e+00 4.150000e+00 2.180433e-10
4.150000e+00 4.156940e+00 4.163880e+00 1.932004e-10
