1.402717e-03 9.155964e-02 1.817166e-01 2.407600e+04
1.817166e-01 2.718735e-01 3.620304e-01 5.305300e+04
3.620304e-01 4.521873e-01 5.423442e-01 5.608700e+04
5.423442e-01 6.325011e-01 7.226581e-01 5.914700e+04
7.226581e-01 8.128150e-01 9.029719e-01 4.975300e+04
9.029719e-01 9.931289e-01 1.083286e+00 4.668500e+04
1.083286e+00 1.173443e+00 1.263600e+00 2.627600e+04
1.263600e+00 1.353757e+00 1.443913e+00 1.859100e+04
1.443913e+00 1.534070e+00 1.624227e+00 1.394100e+04
1.624227e+00 1.714384e+00 1.804541e+00 1.086000e+04
1.804541e+00 1.894698e+00 1.984855e+00 9.193000e+03
1.984855e+00 2.075012e+00 2.165169e+00 7.776000e+03
2.165169e+00 2.255326e+00 2.345483e+00 6.273000e+03
2.345483e+00 2.435639e+00 2.525796e+00 5.187000e+03
2.525796e+00 2.615953e+00 2.706110e+00 3.911000e+03
2.706110e+00 2.796267e+00 2.886424e+00 2.851000e+03
2.886424e+00 2.976581e+00 3.066738e+00 3.086000e+03
3.066738e+00 3.156895e+00 3.247052e+00 1.903000e+03
3.247052e+00 3.337209e+00 3.427366e+00 1.557000e+03
3.427366e+00 3.517523e+00 3.607680e+00 1.376000e+03
3.607680e+00 3.697836e+00 3.787993e+00 9.450000e+02
3.787993e+00 3.878150e+00 3.968307e+00 5.950000e+02
3.968307e+00 4.058464e+00 4.148621e+00 4.110000e+02
4.148621e+00 4.238778e+00 4.328935e+00 2.870000e+02
4.328935e+00 4.419092e+00 4.509249e+00 1.830000e+02
4.509249e+00 4.599406e+00 4.689563e+00 1.270000e+02
4.689563e+00 4.779719e+00 4.869876e+00 8.700000e+01
4.869876e+00 4.960033e+00 5.050190e+00 5.300000e+01
5.050190e+00 5.140347e+00 5.230504e+00 4.500000e+01
5.230504e+00 5.320661e+00 5.410818e+00 2.300000e+01
5.410818e+00 5.500975e+00 5.591132e+00 1.200000e+01
5.591132e+00 5.681289e+00 5.771446e+00 1.500000e+01
5.771446e+00 5.861603e+00 5.951759e+00 8.000000e+00
5.951759e+00 6.041916e+00 6.132073e+00 3.000000e+00
6.132073e+00 6.222230e+00 6.312387e+00 4.000000e+00
6.312387e+00 6.402544e+00 6.492701e+00 2.000000e+00
6.492701e+00 6.582858e+00 6.673015e+00 5.000000e+00
6.673015e+00 6.763172e+00 6.853329e+00 2.000000e+00
6.853329e+00 6.943485e+00 7.033642e+00 0.000000e+00
7.033642e+00 7.123799e+00 7.213956e+00 3.000000e+00
