0.000000e+00 6.939800e-03 1.387960e-02 0.000000e+00
1.387960e-02 2.081940e-02 2.775920e-02 0.000000e+00
2.775920e-02 3.469900e-02 4.163880e-02 0.000000e+00
4.163880e-02 4.857860e-02 5.551840e-02 0.000000e+00
5.551840e-02 6.245820e-02 6.939800e-02 0.000000e+00
6.939800e-02 7.633780e-02 8.327760e-02 0.000000e+00
8.327760e-02 9.021740e-02 9.715720e-02 0.000000e+00
9.715720e-02 1.040970e-01 1.110368e-01 0.000000e+00
1.110368e-01 1.179766e-01 1.249164e-01 0.000000e+00
1.249164e-01 1.318562e-01 1.387960e-01 0.000000e+00
1.387960e-01 1.457358e-01 1.526756e-01 0.000000e+00
1.526756e-01 1.596154e-01 1.665552e-01 0.000000e+00
1.665552e-01 1.734950e-01 1.804348e-01 0.000000e+00
1.804348e-01 1.873746e-01 1.943144e-01 0.000000e+00
1.943144e-01 2.012542e-01 2.081940e-01 0.000000e+00
2.081940e-01 2.151338e-01 2.220736e-01 0.000000e+00
2.220736e-01 2.290134e-01 2.359532e-01 0.000000e+00
2.359532e-01 2.428930e-01 2.498328e-01 0.000000e+00
2.498328e-01 2.567726e-01 2.637124e-01 0.000000e+00
2.637124e-01 2.706522e-01 2.775920e-01 0.000000e+00
2.775920e-01 2.845318e-01 2.914716e-01 0.000000e+00
2.914716e-01 2.984114e-01 3.053512e-01 0.000000e+00
3.053512e-01 3.122910e-01 3.192308e-01 0.000000e+00
3.192308e-01 3.261706e-01 3.331104e-01 0.000000e+00
3.331104e-01 3.400502e-01 3.469900e-01 0.000000e+00
3.469900e-01 3.539298e-01 3.608696e-01 0.000000e+00
3.608696e-01 3.678094e-01 3.747492e-01 0.000000e+00
3.747492e-01 3.816890e-01 3.886288e-01 0.000000e+00
3.886288e-01 3.955686e-01 4.025084e-01 0.000000e+00
4.025084e-01 4.094482e-01 4.163880e-01 0.000000e+00
4.163880e-01 4.233278e-01 4.302676e-01 0.000000e+00
4.302676e-01 4.372074e-01 4.441472e-01 0.000000e+00
4.441472e-01 4.510870e-01 4.580268e-01 0.000000e+00
4.580268e-01 4.649666e-01 4.719064e-01 0.000000e+00
4.719064e-01 4.788462e-01 4.857860e-01 0.000000e+00
4.857860e-01 4.927258e-01 4.996656e-01 0.000000e+00
4.996656e-01 5.066054e-01 5.135452e-01 0.000000e+00
5.135452e-01 5.204850e-01 5.274248e-01 0.000000e+00
5.274248e-01 5.343646e-01 5.413044e-01 0.000000e+00
5.413044e-01 5.482442e-01 5.551840e-01 0.000000e+00
5.551840e-01 5.621238e-01 5.690636e-01 2.216522e-02
5.690636e-01 5.760034e-01 5.829432e-01 2.274364e-02
5.829432e-01 5.898830e-01 5.968228e-01 2.332206e-02
5.968228e-01 6.037626e-01 6.107024e-01 2.390049e-02
6.107024e-01 6.176422e-01 6.245820e-01 2.447891e-02
6.245820e-01 6.315218e-01 6.384616e-01 2.505733e-02
6.384616e-01 6.454014e-01 6.523412e-01 2.563576e-02
6.523412e-01 6.592810e-01 6.662208e-01 2.610922e-02
6.662208e-01 6.731606e-01 6.801004e-01 2.606542e-02
6.801004e-01 6.870402e-01 6.939800e-01 2.602161e-02
6.939800e-01 7.009198e-01 7.078596e-01 2.597781e-02
7.078596e-01 7.147994e-01 7.217392e-01 2.593400e-02
7.217392e-01 7.286790e-01 7.356188e-01 2.589019e-02
7.356188e-01 7.425586e-01 7.494984e-01 2.584638e-02
7.494984e-01 7.564382e-01 7.633780e-01 2.580258e-02
7.633780e-01 7.703178e-01 7.772576e-01 2.533376e-02
7.772576e-01 7.841974e-01 7.911372e-01 2.484901e-02
7.911372e-01 7.980770e-01 8.050168e-01 2.436426e-02
8.050168e-01 8.119566e-01 8.188964e-01 2.387951e-02
8.188964e-01 8.258362e-01 8.327760e-01 2.339475e-02
8.327760e-01 8.397158e-01 8.466556e-01 2.291000e-02
8.466556e-01 8.535954e-01 8.605352e-01 2.242525e-02
8.605352e-01 8.674750e-01 8.744148e-01 2.179859e-02
8.744148e-01 8.813546e-01 8.882944e-01 2.112687e-02
8.882944e-01 8.952342e-01 9.021740e-01 2.045516e-02
9.021740e-01 9.091138e-01 9.160536e-01 1.978346e-02
9.160536e-01 9.229934e-01 9.299332e-01 1.911174e-02
9.299332e-01 9.368730e-01 9.438128e-01 1.844003e-02
9.438128e-01 9.507526e-01 9.576924e-01 1.776832e-02
9.576924e-01 9.646322e-01 9.715720e-01 1.710057e-02
9.715720e-01 9.785118e-01 9.854516e-01 1.643602e-02
9.854516e-01 9.923914e-01 9.993312e-01 1.577146e-02
9.993312e-01 1.006271e+00 1.013211e+00 1.510691e-02
1.013211e+00 1.020151e+00 1.027090e+00 1.444235e-02
1.027090e+00 1.034030e+00 1.040970e+00 1.377780e-02
1.040970e+00 1.047910e+00 1.054850e+00 1.311324e-02
1.054850e+00 1.061789e+00 1.068729e+00 1.248665e-02
1.068729e+00 1.075669e+00 1.082609e+00 1.193074e-02
1.082609e+00 1.089549e+00 1.096488e+00 1.137484e-02
1.096488e+00 1.103428e+00 1.110368e+00 1.081893e-02
1.110368e+00 1.117308e+00 1.124248e+00 1.026302e-02
1.124248e+00 1.131187e+00 1.138127e+00 9.707114e-03
1.138127e+00 1.145067e+00 1.152007e+00 9.151209e-03
1.152007e+00 1.158947e+00 1.165886e+00 8.615203e-03
1.165886e+00 1.172826e+00 1.179766e+00 8.196937e-03
1.179766e+00 1.186706e+00 1.193646e+00 7.778667e-03
1.193646e+00 1.200585e+00 1.207525e+00 7.360397e-03
1.207525e+00 1.214465e+00 1.221405e+00 6.942131e-03
1.221405e+00 1.228345e+00 1.235284e+00 6.523865e-03
1.235284e+00 1.242224e+00 1.249164e+00 6.105595e-03
1.249164e+00 1.256104e+00 1.263044e+00 5.687325e-03
1.263044e+00 1.269983e+00 1.276923e+00 5.387588e-03
1.276923e+00 1.283863e+00 1.290803e+00 5.095445e-03
1.290803e+00 1.297743e+00 1.304682e+00 4.803305e-03
1.304682e+00 1.311622e+00 1.318562e+00 4.511162e-03
1.318562e+00 1.325502e+00 1.332442e+00 4.219021e-03
1.332442e+00 1.339381e+00 1.346321e+00 3.926878e-03
1.346321e+00 1.353261e+00 1.360201e+00 3.634737e-03
1.360201e+00 1.367141e+00 1.374080e+00 3.415430e-03
1.374080e+00 1.381020e+00 1.387960e+00 3.222384e-03
1.387960e+00 1.394900e+00 1.401840e+00 3.029342e-03
1.401840e+00 1.408779e+00 1.415719e+00 2.836300e-03
1.415719e+00 1.422659e+00 1.429599e+00 2.643256e-03
1.429599e+00 1.436539e+00 1.443478e+00 2.450212e-03
1.443478e+00 1.450418e+00 1.457358e+00 2.257170e-03
1.457358e+00 1.464298e+00 1.471238e+00 2.101678e-03
1.471238e+00 1.478177e+00 1.485117e+00 1.979470e-03
1.485117e+00 1.492057e+00 1.498997e+00 1.857262e-03
1.498997e+00 1.505937e+00 1.512876e+00 1.735053e-03
1.512876e+00 1.519816e+00 1.526756e+00 1.612844e-03
1.526756e+00 1.533696e+00 1.540636e+00 1.490636e-03
1.540636e+00 1.547575e+00 1.554515e+00 1.368428e-03
1.554515e+00 1.561455e+00 1.568395e+00 1.261648e-03
1.568395e+00 1.575335e+00 1.582274e+00 1.186868e-03
1.582274e+00 1.589214e+00 1.596154e+00 1.112088e-03
1.596154e+00 1.603094e+00 1.610034e+00 1.037307e-03
1.610034e+00 1.616973e+00 1.623913e+00 9.625277e-04
1.623913e+00 1.630853e+00 1.637793e+00 8.877473e-04
1.637793e+00 1.644733e+00 1.651672e+00 8.129669e-04
1.651672e+00 1.658612e+00 1.665552e+00 7.418337e-04
1.665552e+00 1.672492e+00 1.679432e+00 6.973155e-04
1.679432e+00 1.686371e+00 1.693311e+00 6.527969e-04
1.693311e+00 1.700251e+00 1.707191e+00 6.082784e-04
1.707191e+00 1.714131e+00 1.721070e+00 5.637602e-04
1.721070e+00 1.728010e+00 1.734950e+00 5.192416e-04
1.734950e+00 1.741890e+00 1.748830e+00 4.747234e-04
1.748830e+00 1.755769e+00 1.762709e+00 4.302048e-04
1.762709e+00 1.769649e+00 1.776589e+00 4.027228e-04
1.776589e+00 1.783529e+00 1.790468e+00 3.768088e-04
1.790468e+00 1.797408e+00 1.804348e+00 3.508950e-04
1.804348e+00 1.811288e+00 1.818228e+00 3.249816e-04
1.818228e+00 1.825167e+00 1.832107e+00 2.990676e-04
1.832107e+00 1.839047e+00 1.845987e+00 2.731543e-04
1.845987e+00 1.852927e+00 1.859866e+00 2.472405e-04
1.859866e+00 1.866806e+00 1.873746e+00 2.292230e-04
1.873746e+00 1.880686e+00 1.887626e+00 2.144175e-04
1.887626e+00 1.894565e+00 1.901505e+00 1.996119e-04
1.901505e+00 1.908445e+00 1.915385e+00 1.848064e-04
1.915385e+00 1.922325e+00 1.929264e+00 1.700007e-04
1.929264e+00 1.936204e+00 1.943144e+00 1.551951e-04
1.943144e+00 1.950084e+00 1.957024e+00 1.403897e-04
1.957024e+00 1.963963e+00 1.970903e+00 1.288616e-04
1.970903e+00 1.977843e+00 1.984783e+00 1.205330e-04
1.984783e+00 1.991723e+00 1.998662e+00 1.122045e-04
1.998662e+00 2.005602e+00 2.012542e+00 1.038758e-04
2.012542e+00 2.019482e+00 2.026422e+00 9.554732e-05
2.026422e+00 2.033361e+00 2.040301e+00 8.721862e-05
2.040301e+00 2.047241e+00 2.054181e+00 7.889006e-05
2.054181e+00 2.061121e+00 2.068060e+00 7.167736e-05
2.068060e+00 2.075000e+00 2.081940e+00 6.705306e-05
2.081940e+00 2.088880e+00 2.095820e+00 6.242892e-05
2.095820e+00 2.102759e+00 2.109699e+00 5.780463e-05
2.109699e+00 2.116639e+00 2.123579e+00 5.318041e-05
2.123579e+00 2.130519e+00 2.137458e+00 4.855619e-05
2.137458e+00 2.144398e+00 2.151338e+00 4.393190e-05
2.151338e+00 2.158278e+00 2.165218e+00 3.950870e-05
2.165218e+00 2.172157e+00 2.179097e+00 3.696938e-05
2.179097e+00 2.186037e+00 2.192977e+00 3.443002e-05
2.192977e+00 2.199917e+00 2.206856e+00 3.189070e-05
2.206856e+00 2.213796e+00 2.220736e+00 2.935138e-05
2.220736e+00 2.227676e+00 2.234616e+00 2.681202e-05
2.234616e+00 2.241555e+00 2.248495e+00 2.427275e-05
2.248495e+00 2.255435e+00 2.262375e+00 2.173339e-05
2.262375e+00 2.269315e+00 2.276254e+00 2.022642e-05
2.276254e+00 2.283194e+00 2.290134e+00 1.884497e-05
2.290134e+00 2.297074e+00 2.304014e+00 1.746351e-05
2.304014e+00 2.310953e+00 2.317893e+00 1.608206e-05
2.317893e+00 2.324833e+00 2.331773e+00 1.470062e-05
2.331773e+00 2.338713e+00 2.345652e+00 1.331918e-05
2.345652e+00 2.352592e+00 2.359532e+00 1.193771e-05
2.359532e+00 2.366472e+00 2.373412e+00 1.099295e-05
2.373412e+00 2.380351e+00 2.387291e+00 1.024737e-05
2.387291e+00 2.394231e+00 2.401171e+00 9.501783e-06
2.401171e+00 2.408111e+00 2.415050e+00 8.756216e-06
2.415050e+00 2.421990e+00 2.428930e+00 8.010624e-06
2.428930e+00 2.435870e+00 2.442810e+00 7.265032e-06
2.442810e+00 2.449749e+00 2.456689e+00 6.519466e-06
2.456689e+00 2.463629e+00 2.470569e+00 5.940581e-06
2.470569e+00 2.477509e+00 2.484448e+00 5.540902e-06
2.484448e+00 2.491388e+00 2.498328e+00 5.141222e-06
2.498328e+00 2.505268e+00 2.512208e+00 4.741535e-06
2.512208e+00 2.519147e+00 2.526087e+00 4.341856e-06
2.526087e+00 2.533027e+00 2.539967e+00 3.942177e-06
2.539967e+00 2.546907e+00 2.553846e+00 3.542490e-06
2.553846e+00 2.560786e+00 2.567726e+00 3.194541e-06
2.567726e+00 2.574666e+00 2.581606e+00 2.981518e-06
2.581606e+00 2.588545e+00 2.595485e+00 2.768494e-06
2.595485e+00 2.602425e+00 2.609365e+00 2.555470e-06
2.609365e+00 2.616305e+00 2.623244e+00 2.342443e-06
2.623244e+00 2.630184e+00 2.637124e+00 2.129419e-06
2.637124e+00 2.644064e+00 2.651004e+00 1.916396e-06
2.651004e+00 2.657943e+00 2.664883e+00 1.710605e-06
2.664883e+00 2.671823e+00 2.678763e+00 1.597623e-06
2.678763e+00 2.685703e+00 2.692642e+00 1.484642e-06
2.692642e+00 2.699582e+00 2.706522e+00 1.371662e-06
2.706522e+00 2.713462e+00 2.720402e+00 1.258679e-06
2.720402e+00 2.727341e+00 2.734281e+00 1.145701e-06
2.734281e+00 2.741221e+00 2.748161e+00 1.032718e-06
2.748161e+00 2.755101e+00 2.762040e+00 9.197358e-07
2.762040e+00 2.768980e+00 2.775920e+00 8.530021e-07
2.775920e+00 2.782860e+00 2.789800e+00 7.933292e-07
2.789800e+00 2.796739e+00 2.803679e+00 7.336574e-07
2.803679e+00 2.810619e+00 2.817559e+00 6.739854e-07
2.817559e+00 2.824499e+00 2.831438e+00 6.143127e-07
2.831438e+00 2.838378e+00 2.845318e+00 5.546407e-07
2.845318e+00 2.852258e+00 2.859198e+00 4.949689e-07
2.859198e+00 2.866137e+00 2.873077e+00 4.540289e-07
2.873077e+00 2.880017e+00 2.886957e+00 4.226245e-07
2.886957e+00 2.893897e+00 2.900836e+00 3.912203e-07
2.900836e+00 2.907776e+00 2.914716e+00 3.598159e-07
2.914716e+00 2.921656e+00 2.928596e+00 3.284111e-07
2.928596e+00 2.935535e+00 2.942475e+00 2.970068e-07
2.942475e+00 2.949415e+00 2.956355e+00 2.656025e-07
2.956355e+00 2.963295e+00 2.970234e+00 2.410323e-07
2.970234e+00 2.977174e+00 2.984114e+00 2.245542e-07
2.984114e+00 2.991054e+00 2.997994e+00 2.080758e-07
2.997994e+00 3.004933e+00 3.011873e+00 1.915977e-07
3.011873e+00 3.018813e+00 3.025753e+00 1.751197e-07
3.025753e+00 3.032693e+00 3.039632e+00 1.586413e-07
3.039632e+00 3.046572e+00 3.053512e+00 1.421635e-07
3.053512e+00 3.060452e+00 3.067392e+00 1.276725e-07
3.067392e+00 3.074331e+00 3.081271e+00 1.190478e-07
3.081271e+00 3.088211e+00 3.095151e+00 1.104235e-07
3.095151e+00 3.102091e+00 3.109030e+00 1.017988e-07
3.109030e+00 3.115970e+00 3.122910e+00 9.317436e-08
3.122910e+00 3.129850e+00 3.136790e+00 8.454986e-08
3.136790e+00 3.143729e+00 3.150669e+00 7.592522e-08
3.150669e+00 3.157609e+00 3.164549e+00 6.749939e-08
3.164549e+00 3.171489e+00 3.178428e+00 6.299493e-08
3.178428e+00 3.185368e+00 3.192308e+00 5.849040e-08
3.192308e+00 3.199248e+00 3.206188e+00 5.398594e-08
3.206188e+00 3.213127e+00 3.220067e+00 4.948148e-08
3.220067e+00 3.227007e+00 3.233947e+00 4.497702e-08
3.233947e+00 3.240887e+00 3.247826e+00 4.047248e-08
3.247826e+00 3.254766e+00 3.261706e+00 3.596802e-08
3.261706e+00 3.268646e+00 3.275586e+00 3.328188e-08
3.275586e+00 3.282525e+00 3.289465e+00 3.093329e-08
3.289465e+00 3.296405e+00 3.303345e+00 2.858478e-08
3.303345e+00 3.310285e+00 3.317224e+00 2.623619e-08
3.317224e+00 3.324164e+00 3.331104e+00 2.388764e-08
3.331104e+00 3.338044e+00 3.344984e+00 2.153910e-08
3.344984e+00 3.351923e+00 3.358863e+00 1.919051e-08
3.358863e+00 3.365803e+00 3.372743e+00 1.756089e-08
3.372743e+00 3.379683e+00 3.386622e+00 1.633812e-08
3.386622e+00 3.393562e+00 3.400502e+00 1.511534e-08
3.400502e+00 3.407442e+00 3.414382e+00 1.389260e-08
3.414382e+00 3.421321e+00 3.428261e+00 1.266981e-08
3.428261e+00 3.435201e+00 3.442141e+00 1.144703e-08
3.442141e+00 3.449081e+00 3.456020e+00 1.022427e-08
3.456020e+00 3.462960e+00 3.469900e+00 9.256078e-09
3.469900e+00 3.476840e+00 3.483780e+00 8.620157e-09
3.483780e+00 3.490719e+00 3.497659e+00 7.984248e-09
3.497659e+00 3.504599e+00 3.511539e+00 7.348327e-09
3.511539e+00 3.518479e+00 3.525418e+00 6.712405e-09
3.525418e+00 3.532358e+00 3.539298e+00 6.076517e-09
3.539298e+00 3.546238e+00 3.553178e+00 5.440596e-09
3.553178e+00 3.560117e+00 3.567057e+00 4.874622e-09
3.567057e+00 3.573997e+00 3.580937e+00 4.544206e-09
3.580937e+00 3.587877e+00 3.594816e+00 4.213785e-09
3.594816e+00 3.601756e+00 3.608696e+00 3.883375e-09
3.608696e+00 3.615636e+00 3.622576e+00 3.552959e-09
3.622576e+00 3.629515e+00 3.636455e+00 3.222538e-09
3.636455e+00 3.643395e+00 3.650335e+00 2.892117e-09
3.650335e+00 3.657275e+00 3.664214e+00 2.565535e-09
3.664214e+00 3.671154e+00 3.678094e+00 2.393967e-09
3.678094e+00 3.685034e+00 3.691974e+00 2.222394e-09
3.691974e+00 3.698913e+00 3.705853e+00 2.050823e-09
3.705853e+00 3.712793e+00 3.719733e+00 1.879250e-09
3.719733e+00 3.726673e+00 3.733612e+00 1.707680e-09
3.733612e+00 3.740552e+00 3.747492e+00 1.536112e-09
3.747492e+00 3.754432e+00 3.761372e+00 1.364539e-09
3.761372e+00 3.768311e+00 3.775251e+00 1.260578e-09
3.775251e+00 3.782191e+00 3.789131e+00 1.171526e-09
3.789131e+00 3.796071e+00 3.803010e+00 1.082474e-09
3.803010e+00 3.809950e+00 3.816890e+00 9.934254e-10
3.816890e+00 3.823830e+00 3.830770e+00 9.043752e-10
3.830770e+00 3.837709e+00 3.844649e+00 8.153235e-10
3.844649e+00 3.851589e+00 3.858529e+00 7.262732e-10
3.858529e+00 3.865469e+00 3.872408e+00 6.635503e-10
3.872408e+00 3.879348e+00 3.886288e+00 6.173440e-10
3.886288e+00 3.893228e+00 3.900168e+00 5.711402e-10
3.900168e+00 3.907107e+00 3.914047e+00 5.249340e-10
3.914047e+00 3.920987e+00 3.927927e+00 4.787277e-10
3.927927e+00 3.934867e+00 3.941806e+00 4.325223e-10
3.941806e+00 3.948746e+00 3.955686e+00 3.863160e-10
3.955686e+00 3.962626e+00 3.969566e+00 3.492199e-10
3.969566e+00 3.976505e+00 3.983445e+00 3.252480e-10
3.983445e+00 3.990385e+00 3.997325e+00 3.012758e-10
3.997325e+00 4.004265e+00 4.011204e+00 2.773036e-10
4.011204e+00 4.018144e+00 4.025084e+00 2.533318e-10
4.025084e+00 4.032024e+00 4.038964e+00 2.293603e-10
4.038964e+00 4.045903e+00 4.052843e+00 2.053881e-10
4.052843e+00 4.059783e+00 4.066723e+00 1.837789e-10
4.066723e+00 4.073663e+00 4.080602e+00 1.713421e-10
4.080602e+00 4.087542e+00 4.094482e+00 1.589049e-10
4.094482e+00 4.101422e+00 4.108362e+00 1.464681e-10
4.108362e+00 4.115301e+00 4.122241e+00 1.340308e-10
4.122241e+00 4.129181e+00 4.136121e+00 1.215936e-10
4.136121e+00 4.143061e+00 4.150000e+00 1.091563e-10
4.150000e+00 4.156940e+00 4.163880e+00 9.671953e-11
