0.000000e+00 1.000000e-02 2.000000e-02 5.041406e-01
2.000000e-02 3.000000e-02 4.000000e-02 2.584403e+00
4.000000e-02 5.000000e-02 6.000000e-02 4.323755e+00
6.000000e-02 7.000000e-02 8.000000e-02 5.253886e+00
8.000000e-02 9.000000e-02 1.000000e-01 5.489554e+00
1.000000e-01 1.100000e-01 1.200000e-01 5.258578e+00
1.200000e-01 1.300000e-01 1.400000e-01 4.763912e+00
1.400000e-01 1.500000e-01 1.600000e-01 4.152852e+00
1.600000e-01 1.700000e-01 1.800000e-01 3.520626e+00
1.800000e-01 1.900000e-01 2.000000e-01 2.922764e+00
2.000000e-01 2.100000e-01 2.200000e-01 2.387458e+00
2.200000e-01 2.300000e-01 2.400000e-01 1.925408e+00
2.400000e-01 2.500000e-01 2.600000e-01 1.536889e+00
2.600000e-01 2.700000e-01 2.800000e-01 1.216516e+00
2.800000e-01 2.900000e-01 3.000000e-01 9.562753e-01
3.000000e-01 3.100000e-01 3.200000e-01 7.473727e-01
3.200000e-01 3.300000e-01 3.400000e-01 5.812715e-01
3.400000e-01 3.500000e-01 3.600000e-01 4.502261e-01
3.600000e-01 3.700000e-01 3.800000e-01 3.475011e-01
3.800000e-01 3.900000e-01 4.000000e-01 2.674075e-01
4.000000e-01 4.100000e-01 4.200000e-01 2.052416e-01
4.200000e-01 4.300000e-01 4.400000e-01 1.571756e-01
4.400000e-01 4.500000e-01 4.600000e-01 1.201330e-01
4.600000e-01 4.700000e-01 4.800000e-01 9.166607e-02
4.800000e-01 4.900000e-01 5.000000e-01 6.984237e-02
5.000000e-01 5.100000e-01 5.200000e-01 5.314665e-02
5.200000e-01 5.300000e-01 5.400000e-01 4.039715e-02
5.400000e-01 5.500000e-01 5.600000e-01 3.067651e-02
5.600000e-01 5.700000e-01 5.800000e-01 2.327533e-02
5.800000e-01 5.900000e-01 6.000000e-01 1.764690e-02
