0.000000e+00 1.000000e-02 2.000000e-02 9.731514e-01
2.000000e-02 3.000000e-02 4.000000e-02 4.052225e+00
4.000000e-02 5.000000e-02 6.000000e-02 5.874114e+00
6.000000e-02 7.000000e-02 8.000000e-02 6.373856e+00
8.000000e-02 9.000000e-02 1.000000e-01 6.060679e+00
1.000000e-01 1.100000e-01 1.200000e-01 5.355022e+00
1.200000e-01 1.300000e-01 1.400000e-01 4.520906e+00
1.400000e-01 1.500000e-01 1.600000e-01 3.702879e+00
1.600000e-01 1.700000e-01 1.800000e-01 2.969503e+00
1.800000e-01 1.900000e-01 2.000000e-01 2.345375e+00
2.000000e-01 2.100000e-01 2.200000e-01 1.831672e+00
2.200000e-01 2.300000e-01 2.400000e-01 1.418396e+00
2.400000e-01 2.500000e-01 2.600000e-01 1.091274e+00
2.600000e-01 2.700000e-01 2.800000e-01 8.354168e-01
2.800000e-01 2.900000e-01 3.000000e-01 6.370809e-01
3.000000e-01 3.100000e-01 3.200000e-01 4.843780e-01
3.200000e-01 3.300000e-01 3.400000e-01 3.674234e-01
3.400000e-01 3.500000e-01 3.600000e-01 2.782110e-01
3.600000e-01 3.700000e-01 3.800000e-01 2.103745e-01
3.800000e-01 3.900000e-01 4.000000e-01 1.589181e-01
4.000000e-01 4.100000e-01 4.200000e-01 1.199603e-01
4.200000e-01 4.300000e-01 4.400000e-01 9.050769e-02
4.400000e-01 4.500000e-01 4.600000e-01 6.826532e-02
4.600000e-01 4.700000e-01 4.800000e-01 5.148133e-02
4.800000e-01 4.900000e-01 5.000000e-01 3.882322e-02
5.000000e-01 5.100000e-01 5.200000e-01 2.928014e-02
5.200000e-01 5.300000e-01 5.400000e-01 2.208688e-02
5.400000e-01 5.500000e-01 5.600000e-01 1.666513e-02
5.600000e-01 5.700000e-01 5.800000e-01 1.257837e-02
5.800000e-01 5.900000e-01 6.000000e-01 9.497414e-03
