0.000000e+00 1.000000e-02 2.000000e-02 3.612179e-02
2.000000e-02 3.000000e-02 4.000000e-02 2.565306e-01
4.000000e-02 5.000000e-02 6.000000e-02 5.733687e-01
6.000000e-02 7.000000e-02 8.000000e-02 9.135761e-01
8.000000e-02 9.000000e-02 1.000000e-01 1.236226e+00
1.000000e-01 1.100000e-01 1.200000e-01 1.519569e+00
1.200000e-01 1.300000e-01 1.400000e-01 1.753647e+00
1.400000e-01 1.500000e-01 1.600000e-01 1.935742e+00
1.600000e-01 1.700000e-01 1.800000e-01 2.067474e+00
1.800000e-01 1.900000e-01 2.000000e-01 2.152921e+00
2.000000e-01 2.100000e-01 2.200000e-01 2.197406e+00
2.200000e-01 2.300000e-01 2.400000e-01 2.206719e+00
2.400000e-01 2.500000e-01 2.600000e-01 2.186633e+00
2.600000e-01 2.700000e-01 2.800000e-01 2.142607e+00
2.800000e-01 2.900000e-01 3.000000e-01 2.079629e+00
3.000000e-01 3.100000e-01 3.200000e-01 2.002136e+00
3.200000e-01 3.300000e-01 3.400000e-01 1.913992e+00
3.400000e-01 3.500000e-01 3.600000e-01 1.818503e+00
3.600000e-01 3.700000e-01 3.800000e-01 1.718453e+00
3.800000e-01 3.900000e-01 4.000000e-01 1.616146e+00
4.000000e-01 4.100000e-01 4.200000e-01 1.513460e+00
4.200000e-01 4.300000e-01 4.400000e-01 1.411896e+00
4.400000e-01 4.500000e-01 4.600000e-01 1.312632e+00
4.600000e-01 4.700000e-01 4.800000e-01 1.216568e+00
4.800000e-01 4.900000e-01 5.000000e-01 1.124367e+00
5.000000e-01 5.100000e-01 5.200000e-01 1.036497e+00
5.200000e-01 5.300000e-01 5.400000e-01 9.532642e-01
5.400000e-01 5.500000e-01 5.600000e-01 8.748409e-01
5.600000e-01 5.700000e-01 5.800000e-01 8.012933e-01
5.800000e-01 5.900000e-01 6.000000e-01 7.326021e-01
6.000000e-01 6.100000e-01 6.200000e-01 6.686821e-01
6.200000e-01 6.300000e-01 6.400000e-01 6.093973e-01
6.400000e-01 6.500000e-01 6.600000e-01 5.545744e-01
6.600000e-01 6.700000e-01 6.800000e-01 5.040131e-01
6.800000e-01 6.900000e-01 7.000000e-01 4.574954e-01
7.000000e-01 7.100000e-01 7.200000e-01 4.147929e-01
7.200000e-01 7.300000e-01 7.400000e-01 3.756719e-01
7.400000e-01 7.500000e-01 7.600000e-01 3.398988e-01
7.600000e-01 7.700000e-01 7.800000e-01 3.072428e-01
7.800000e-01 7.900000e-01 8.000000e-01 2.774794e-01
8.000000e-01 8.100000e-01 8.200000e-01 2.503920e-01
8.200000e-01 8.300000e-01 8.400000e-01 2.257731e-01
8.400000e-01 8.500000e-01 8.600000e-01 2.034260e-01
8.600000e-01 8.700000e-01 8.800000e-01 1.831645e-01
8.800000e-01 8.900000e-01 9.000000e-01 1.648141e-01
9.000000e-01 9.100000e-01 9.200000e-01 1.482114e-01
9.200000e-01 9.300000e-01 9.400000e-01 1.332041e-01
9.400000e-01 9.500000e-01 9.600000e-01 1.196510e-01
9.600000e-01 9.700000e-01 9.800000e-01 1.074213e-01
9.800000e-01 9.900000e-01 1.000000e+00 9.639451e-02
1.000000e+00 1.010000e+00 1.020000e+00 8.645955e-02
1.020000e+00 1.030000e+00 1.040000e+00 7.751450e-02
1.040000e+00 1.050000e+00 1.060000e+00 6.946598e-02
1.060000e+00 1.070000e+00 1.080000e+00 6.222856e-02
1.080000e+00 1.090000e+00 1.100000e+00 5.572429e-02
1.100000e+00 1.110000e+00 1.120000e+00 4.988208e-02
1.120000e+00 1.130000e+00 1.140000e+00 4.463725e-02
1.140000e+00 1.150000e+00 1.160000e+00 3.993104e-02
1.160000e+00 1.170000e+00 1.180000e+00 3.571007e-02
1.180000e+00 1.190000e+00 1.200000e+00 3.192598e-02
