0.000000e+00 1.000000e-02 2.000000e-02 3.552958e-02
2.000000e-02 3.000000e-02 4.000000e-02 2.530947e-01
4.000000e-02 5.000000e-02 6.000000e-02 5.669420e-01
6.000000e-02 7.000000e-02 8.000000e-02 9.049599e-01
8.000000e-02 9.000000e-02 1.000000e-01 1.226434e+00
1.000000e-01 1.100000e-01 1.200000e-01 1.509529e+00
1.200000e-01 1.300000e-01 1.400000e-01 1.744096e+00
1.400000e-01 1.500000e-01 1.600000e-01 1.927204e+00
1.600000e-01 1.700000e-01 1.800000e-01 2.060278e+00
1.800000e-01 1.900000e-01 2.000000e-01 2.147236e+00
2.000000e-01 2.100000e-01 2.200000e-01 2.193275e+00
2.200000e-01 2.300000e-01 2.400000e-01 2.204095e+00
2.400000e-01 2.500000e-01 2.600000e-01 2.185405e+00
2.600000e-01 2.700000e-01 2.800000e-01 2.142628e+00
2.800000e-01 2.900000e-01 3.000000e-01 2.080730e+00
3.000000e-01 3.100000e-01 3.200000e-01 2.004140e+00
3.200000e-01 3.300000e-01 3.400000e-01 1.916727e+00
3.400000e-01 3.500000e-01 3.600000e-01 1.821807e+00
3.600000e-01 3.700000e-01 3.800000e-01 1.722177e+00
3.800000e-01 3.900000e-01 4.000000e-01 1.620156e+00
4.000000e-01 4.100000e-01 4.200000e-01 1.517641e+00
4.200000e-01 4.300000e-01 4.400000e-01 1.416150e+00
4.400000e-01 4.500000e-01 4.600000e-01 1.316877e+00
4.600000e-01 4.700000e-01 4.800000e-01 1.220736e+00
4.800000e-01 4.900000e-01 5.000000e-01 1.128406e+00
5.000000e-01 5.100000e-01 5.200000e-01 1.040367e+00
5.200000e-01 5.300000e-01 5.400000e-01 9.569354e-01
5.400000e-01 5.500000e-01 5.600000e-01 8.782928e-01
5.600000e-01 5.700000e-01 5.800000e-01 8.045132e-01
5.800000e-01 5.900000e-01 6.000000e-01 7.355839e-01
6.000000e-01 6.100000e-01 6.200000e-01 6.714250e-01
6.200000e-01 6.300000e-01 6.400000e-01 6.119047e-01
6.400000e-01 6.500000e-01 6.600000e-01 5.568529e-01
6.600000e-01 6.700000e-01 6.800000e-01 5.060719e-01
6.800000e-01 6.900000e-01 7.000000e-01 4.593456e-01
7.000000e-01 7.100000e-01 7.200000e-01 4.164466e-01
7.200000e-01 7.300000e-01 7.400000e-01 3.771421e-01
7.400000e-01 7.500000e-01 7.600000e-01 3.411988e-01
7.600000e-01 7.700000e-01 7.800000e-01 3.083862e-01
7.800000e-01 7.900000e-01 8.000000e-01 2.784793e-01
8.000000e-01 8.100000e-01 8.200000e-01 2.512612e-01
8.200000e-01 8.300000e-01 8.400000e-01 2.265241e-01
8.400000e-01 8.500000e-01 8.600000e-01 2.040703e-01
8.600000e-01 8.700000e-01 8.800000e-01 1.837134e-01
8.800000e-01 8.900000e-01 9.000000e-01 1.652777e-01
9.000000e-01 9.100000e-01 9.200000e-01 1.485993e-01
9.200000e-01 9.300000e-01 9.400000e-01 1.335251e-01
9.400000e-01 9.500000e-01 9.600000e-01 1.199131e-01
9.600000e-01 9.700000e-01 9.800000e-01 1.076320e-01
9.800000e-01 9.900000e-01 1.000000e+00 9.656040e-02
1.000000e+00 1.010000e+00 1.020000e+00 8.658665e-02
1.020000e+00 1.030000e+00 1.040000e+00 7.760821e-02
1.040000e+00 1.050000e+00 1.060000e+00 6.953112e-02
1.060000e+00 1.070000e+00 1.080000e+00 6.226944e-02
1.080000e+00 1.090000e+00 1.100000e+00 5.574471e-02
1.100000e+00 1.110000e+00 1.120000e+00 4.988541e-02
1.120000e+00 1.130000e+00 1.140000e+00 4.462646e-02
1.140000e+00 1.150000e+00 1.160000e+00 3.990870e-02
1.160000e+00 1.170000e+00 1.180000e+00 3.567845e-02
1.180000e+00 1.190000e+00 1.200000e+00 3.188703e-02
