0.000000e+00 6.670000e-03 1.333000e-02 4.003826e-03
1.333000e-02 2.000000e-02 2.667000e-02 5.045004e-03
2.667000e-02 3.333000e-02 4.000000e-02 6.541350e-03
4.000000e-02 4.667000e-02 5.333000e-02 2.528893e-02
5.333000e-02 6.000000e-02 6.667000e-02 6.423487e-02
6.667000e-02 7.333000e-02 8.000000e-02 1.020257e-01
8.000000e-02 8.667000e-02 9.333000e-02 1.381275e-01
9.333000e-02 1.000000e-01 1.066700e-01 1.729036e-01
1.066700e-01 1.133300e-01 1.200000e-01 2.068075e-01
1.200000e-01 1.266700e-01 1.333300e-01 2.391227e-01
1.333300e-01 1.400000e-01 1.466700e-01 2.702471e-01
1.466700e-01 1.533300e-01 1.600000e-01 3.002105e-01
1.600000e-01 1.666700e-01 1.733300e-01 3.289007e-01
1.733300e-01 1.800000e-01 1.866700e-01 3.563044e-01
1.866700e-01 1.933300e-01 2.000000e-01 3.825282e-01
2.000000e-01 2.066700e-01 2.133300e-01 4.075360e-01
2.133300e-01 2.200000e-01 2.266700e-01 4.316838e-01
2.266700e-01 2.333300e-01 2.400000e-01 4.548407e-01
2.400000e-01 2.466700e-01 2.533300e-01 4.767404e-01
2.533300e-01 2.600000e-01 2.666700e-01 4.973529e-01
2.666700e-01 2.733300e-01 2.800000e-01 5.169616e-01
2.800000e-01 2.866700e-01 2.933300e-01 5.357120e-01
2.933300e-01 3.000000e-01 3.066700e-01 5.535936e-01
3.066700e-01 3.133300e-01 3.200000e-01 5.704892e-01
3.200000e-01 3.266700e-01 3.333300e-01 5.861415e-01
3.333300e-01 3.400000e-01 3.466700e-01 6.010019e-01
3.466700e-01 3.533300e-01 3.600000e-01 6.148790e-01
3.600000e-01 3.666700e-01 3.733300e-01 6.278777e-01
3.733300e-01 3.800000e-01 3.866700e-01 6.400280e-01
3.866700e-01 3.933300e-01 4.000000e-01 6.511752e-01
4.000000e-01 4.066700e-01 4.133300e-01 6.615593e-01
4.133300e-01 4.200000e-01 4.266700e-01 6.712023e-01
4.266700e-01 4.333300e-01 4.400000e-01 6.798567e-01
4.400000e-01 4.466700e-01 4.533300e-01 6.879079e-01
4.533300e-01 4.600000e-01 4.666700e-01 6.950135e-01
4.666700e-01 4.733300e-01 4.800000e-01 7.013550e-01
4.800000e-01 4.866700e-01 4.933300e-01 7.070403e-01
4.933300e-01 5.000000e-01 5.066700e-01 7.121114e-01
5.066700e-01 5.133300e-01 5.200000e-01 7.163779e-01
5.200000e-01 5.266700e-01 5.333300e-01 7.200224e-01
5.333300e-01 5.400000e-01 5.466700e-01 7.229418e-01
5.466700e-01 5.533300e-01 5.600000e-01 7.255466e-01
5.600000e-01 5.666700e-01 5.733300e-01 7.271227e-01
5.733300e-01 5.800000e-01 5.866700e-01 7.283956e-01
5.866700e-01 5.933300e-01 6.000000e-01 7.289166e-01
6.000000e-01 6.066700e-01 6.133300e-01 7.288454e-01
6.133300e-01 6.200000e-01 6.266700e-01 7.283249e-01
6.266700e-01 6.333300e-01 6.400000e-01 7.277984e-01
6.400000e-01 6.466700e-01 6.533300e-01 7.261592e-01
6.533300e-01 6.600000e-01 6.666700e-01 7.240766e-01
6.666700e-01 6.733300e-01 6.800000e-01 7.219932e-01
6.800000e-01 6.866700e-01 6.933300e-01 7.193001e-01
6.933300e-01 7.000000e-01 7.066700e-01 7.161762e-01
7.066700e-01 7.133300e-01 7.200000e-01 7.125947e-01
7.200000e-01 7.266700e-01 7.333300e-01 7.088622e-01
7.333300e-01 7.400000e-01 7.466700e-01 7.046979e-01
7.466700e-01 7.533300e-01 7.600000e-01 7.002916e-01
7.600000e-01 7.666700e-01 7.733300e-01 6.956058e-01
7.733300e-01 7.800000e-01 7.866700e-01 6.909226e-01
7.866700e-01 7.933300e-01 8.000000e-01 6.857444e-01
8.000000e-01 8.066700e-01 8.133300e-01 6.801160e-01
8.133300e-01 8.200000e-01 8.266700e-01 6.747387e-01
8.266700e-01 8.333300e-01 8.400000e-01 6.690073e-01
8.400000e-01 8.466700e-01 8.533300e-01 6.629578e-01
8.533300e-01 8.600000e-01 8.666700e-01 6.571120e-01
8.666700e-01 8.733300e-01 8.800000e-01 6.509038e-01
8.800000e-01 8.866700e-01 8.933300e-01 6.446597e-01
8.933300e-01 9.000000e-01 9.066700e-01 6.384120e-01
9.066700e-01 9.133300e-01 9.200000e-01 6.321619e-01
9.200000e-01 9.266700e-01 9.333300e-01 6.259159e-01
9.333300e-01 9.400000e-01 9.466700e-01 6.192574e-01
9.466700e-01 9.533300e-01 9.600000e-01 6.129331e-01
9.600000e-01 9.666700e-01 9.733300e-01 6.062822e-01
9.733300e-01 9.800000e-01 9.866700e-01 5.998431e-01
9.866700e-01 9.933300e-01 1.000000e+00 5.933411e-01
1.000000e+00 1.006670e+00 1.013330e+00 5.867485e-01
1.013330e+00 1.020000e+00 1.026670e+00 5.804046e-01
1.026670e+00 1.033330e+00 1.040000e+00 5.737075e-01
1.040000e+00 1.046670e+00 1.053330e+00 5.674608e-01
1.053330e+00 1.060000e+00 1.066670e+00 5.610131e-01
1.066670e+00 1.073330e+00 1.080000e+00 5.545186e-01
1.080000e+00 1.086670e+00 1.093330e+00 5.482741e-01
1.093330e+00 1.100000e+00 1.106670e+00 5.424574e-01
1.106670e+00 1.113330e+00 1.120000e+00 5.362201e-01
1.120000e+00 1.126670e+00 1.133330e+00 5.301128e-01
1.133330e+00 1.140000e+00 1.146670e+00 5.243857e-01
1.146670e+00 1.153330e+00 1.160000e+00 5.186567e-01
1.160000e+00 1.166670e+00 1.173330e+00 5.129309e-01
1.173330e+00 1.180000e+00 1.186670e+00 5.076438e-01
1.186670e+00 1.193330e+00 1.200000e+00 5.024368e-01
1.200000e+00 1.206670e+00 1.213330e+00 4.972304e-01
1.213330e+00 1.220000e+00 1.226670e+00 4.922481e-01
1.226670e+00 1.233330e+00 1.240000e+00 4.875602e-01
1.240000e+00 1.246670e+00 1.253330e+00 4.828744e-01
1.253330e+00 1.260000e+00 1.266670e+00 4.781964e-01
1.266670e+00 1.273330e+00 1.280000e+00 4.739471e-01
1.280000e+00 1.286670e+00 1.293330e+00 4.694190e-01
1.293330e+00 1.300000e+00 1.306670e+00 4.650234e-01
1.306670e+00 1.313330e+00 1.320000e+00 4.606424e-01
1.320000e+00 1.326670e+00 1.333330e+00 4.564796e-01
1.333330e+00 1.340000e+00 1.346670e+00 4.523148e-01
1.346670e+00 1.353330e+00 1.360000e+00 4.480562e-01
1.360000e+00 1.366670e+00 1.373330e+00 4.435391e-01
1.373330e+00 1.380000e+00 1.386670e+00 4.391319e-01
1.386670e+00 1.393330e+00 1.400000e+00 4.347627e-01
1.400000e+00 1.406670e+00 1.413330e+00 4.302046e-01
1.413330e+00 1.420000e+00 1.426670e+00 4.255190e-01
1.426670e+00 1.433330e+00 1.440000e+00 4.208325e-01
1.440000e+00 1.446670e+00 1.453330e+00 4.159705e-01
1.453330e+00 1.460000e+00 1.466670e+00 4.107659e-01
1.466670e+00 1.473330e+00 1.480000e+00 4.055569e-01
1.480000e+00 1.486670e+00 1.493330e+00 4.003505e-01
1.493330e+00 1.500000e+00 1.506670e+00 3.946683e-01
1.506670e+00 1.513330e+00 1.520000e+00 3.888266e-01
1.520000e+00 1.526670e+00 1.533330e+00 3.825805e-01
1.533330e+00 1.540000e+00 1.546670e+00 3.760736e-01
1.546670e+00 1.553330e+00 1.560000e+00 3.693001e-01
1.560000e+00 1.566670e+00 1.573330e+00 3.625357e-01
1.573330e+00 1.580000e+00 1.586670e+00 3.552787e-01
1.586670e+00 1.593330e+00 1.600000e+00 3.479854e-01
1.600000e+00 1.606670e+00 1.613330e+00 3.405041e-01
1.613330e+00 1.620000e+00 1.626670e+00 3.329658e-01
1.626670e+00 1.633330e+00 1.640000e+00 3.253277e-01
1.640000e+00 1.646670e+00 1.653330e+00 3.170961e-01
1.653330e+00 1.660000e+00 1.666670e+00 3.092651e-01
1.666670e+00 1.673330e+00 1.680000e+00 3.013242e-01
1.680000e+00 1.686670e+00 1.693330e+00 2.931994e-01
1.693330e+00 1.700000e+00 1.706670e+00 2.851118e-01
1.706670e+00 1.713330e+00 1.720000e+00 2.771343e-01
1.720000e+00 1.726670e+00 1.733330e+00 2.693247e-01
1.733330e+00 1.740000e+00 1.746670e+00 2.610751e-01
1.746670e+00 1.753330e+00 1.760000e+00 2.533993e-01
1.760000e+00 1.766670e+00 1.773330e+00 2.458972e-01
1.773330e+00 1.780000e+00 1.786670e+00 2.383810e-01
1.786670e+00 1.793330e+00 1.800000e+00 2.310864e-01
1.800000e+00 1.806670e+00 1.813330e+00 2.238021e-01
1.813330e+00 1.820000e+00 1.826670e+00 2.170313e-01
1.826670e+00 1.833330e+00 1.840000e+00 2.102594e-01
1.840000e+00 1.846670e+00 1.853330e+00 2.037189e-01
1.853330e+00 1.860000e+00 1.866670e+00 1.977720e-01
1.866670e+00 1.873330e+00 1.880000e+00 1.920437e-01
1.880000e+00 1.886670e+00 1.893330e+00 1.867696e-01
1.893330e+00 1.900000e+00 1.906670e+00 1.816471e-01
1.906670e+00 1.913330e+00 1.920000e+00 1.769602e-01
1.920000e+00 1.926670e+00 1.933330e+00 1.725093e-01
1.933330e+00 1.940000e+00 1.946670e+00 1.686564e-01
1.946670e+00 1.953330e+00 1.960000e+00 1.650099e-01
1.960000e+00 1.966670e+00 1.973330e+00 1.613829e-01
1.973330e+00 1.980000e+00 1.986670e+00 1.582610e-01
1.986670e+00 1.993330e+00 2.000000e+00 1.551348e-01
2.000000e+00 2.006670e+00 2.013330e+00 1.522566e-01
2.013330e+00 2.020000e+00 2.026670e+00 1.496542e-01
2.026670e+00 2.033330e+00 2.040000e+00 1.470490e-01
2.040000e+00 2.046670e+00 2.053330e+00 1.449193e-01
2.053330e+00 2.060000e+00 2.066670e+00 1.428367e-01
2.066670e+00 2.073330e+00 2.080000e+00 1.407531e-01
2.080000e+00 2.086670e+00 2.093330e+00 1.386714e-01
2.093330e+00 2.100000e+00 2.106670e+00 1.365888e-01
2.106670e+00 2.113330e+00 2.120000e+00 1.349119e-01
2.120000e+00 2.126670e+00 2.133330e+00 1.329052e-01
2.133330e+00 2.140000e+00 2.146670e+00 1.312309e-01
2.146670e+00 2.153330e+00 2.160000e+00 1.293363e-01
2.160000e+00 2.166670e+00 2.173330e+00 1.275100e-01
2.173330e+00 2.180000e+00 2.186670e+00 1.254285e-01
2.186670e+00 2.193330e+00 2.200000e+00 1.237606e-01
2.200000e+00 2.206670e+00 2.213330e+00 1.217071e-01
2.213330e+00 2.220000e+00 2.226670e+00 1.195034e-01
2.226670e+00 2.233330e+00 2.240000e+00 1.170967e-01
2.240000e+00 2.246670e+00 2.253330e+00 1.147409e-01
2.253330e+00 2.260000e+00 2.266670e+00 1.124880e-01
2.266670e+00 2.273330e+00 2.280000e+00 1.099780e-01
2.280000e+00 2.286670e+00 2.293330e+00 1.069316e-01
2.293330e+00 2.300000e+00 2.306670e+00 1.043283e-01
2.306670e+00 2.313330e+00 2.320000e+00 1.015157e-01
2.320000e+00 2.326670e+00 2.333330e+00 9.867673e-02
2.333330e+00 2.340000e+00 2.346670e+00 9.571394e-02
2.346670e+00 2.353330e+00 2.360000e+00 9.258967e-02
2.360000e+00 2.366670e+00 2.373330e+00 8.991071e-02
2.373330e+00 2.380000e+00 2.386670e+00 8.678748e-02
2.386670e+00 2.393330e+00 2.400000e+00 8.366263e-02
2.400000e+00 2.406670e+00 2.413330e+00 8.053875e-02
2.413330e+00 2.420000e+00 2.426670e+00 7.741654e-02
2.426670e+00 2.433330e+00 2.440000e+00 7.429109e-02
2.440000e+00 2.446670e+00 2.453330e+00 7.161199e-02
2.453330e+00 2.460000e+00 2.466670e+00 6.848978e-02
2.466670e+00 2.473330e+00 2.480000e+00 6.559138e-02
2.480000e+00 2.486670e+00 2.493330e+00 6.268593e-02
2.493330e+00 2.500000e+00 2.506670e+00 5.994172e-02
2.506670e+00 2.513330e+00 2.520000e+00 5.689171e-02
2.520000e+00 2.526670e+00 2.533330e+00 5.429011e-02
2.533330e+00 2.540000e+00 2.546670e+00 5.168688e-02
2.546670e+00 2.553330e+00 2.560000e+00 4.908259e-02
2.560000e+00 2.566670e+00 2.573330e+00 4.679329e-02
2.573330e+00 2.580000e+00 2.586670e+00 4.471071e-02
2.586670e+00 2.593330e+00 2.600000e+00 4.218303e-02
2.600000e+00 2.606670e+00 2.613330e+00 4.019612e-02
2.613330e+00 2.620000e+00 2.626670e+00 3.846325e-02
2.626670e+00 2.633330e+00 2.640000e+00 3.637993e-02
2.640000e+00 2.646670e+00 2.653330e+00 3.462040e-02
2.653330e+00 2.660000e+00 2.666670e+00 3.305936e-02
2.666670e+00 2.673330e+00 2.680000e+00 3.149635e-02
2.680000e+00 2.686670e+00 2.693330e+00 2.993465e-02
2.693330e+00 2.700000e+00 2.706670e+00 2.837348e-02
2.706670e+00 2.713330e+00 2.720000e+00 2.706755e-02
2.720000e+00 2.726670e+00 2.733330e+00 2.569405e-02
2.733330e+00 2.740000e+00 2.746670e+00 2.454077e-02
2.746670e+00 2.753330e+00 2.760000e+00 2.349875e-02
2.760000e+00 2.766670e+00 2.773330e+00 2.245807e-02
2.773330e+00 2.780000e+00 2.786670e+00 2.141678e-02
2.786670e+00 2.793330e+00 2.800000e+00 2.037511e-02
2.800000e+00 2.806670e+00 2.813330e+00 1.967661e-02
2.813330e+00 2.820000e+00 2.826670e+00 1.873766e-02
2.826670e+00 2.833330e+00 2.840000e+00 1.774553e-02
2.840000e+00 2.846670e+00 2.853330e+00 1.722487e-02
2.853330e+00 2.860000e+00 2.866670e+00 1.650372e-02
2.866670e+00 2.873330e+00 2.880000e+00 1.573866e-02
2.880000e+00 2.886670e+00 2.893330e+00 1.521801e-02
2.893330e+00 2.900000e+00 2.906670e+00 1.426981e-02
2.906670e+00 2.913330e+00 2.920000e+00 1.373180e-02
2.920000e+00 2.926670e+00 2.933330e+00 1.321124e-02
2.933330e+00 2.940000e+00 2.946670e+00 1.269083e-02
2.946670e+00 2.953330e+00 2.960000e+00 1.216980e-02
2.960000e+00 2.966670e+00 2.973330e+00 1.164943e-02
2.973330e+00 2.980000e+00 2.986670e+00 1.112884e-02
2.986670e+00 2.993330e+00 3.000000e+00 1.060786e-02
3.000000e+00 3.006670e+00 3.013330e+00 1.008749e-02
3.013330e+00 3.020000e+00 3.026670e+00 9.787131e-03
3.026670e+00 3.033330e+00 3.040000e+00 9.490903e-03
3.040000e+00 3.046670e+00 3.053330e+00 8.970369e-03
3.053330e+00 3.060000e+00 3.066670e+00 8.449725e-03
3.066670e+00 3.073330e+00 3.080000e+00 8.007652e-03
3.080000e+00 3.086670e+00 3.093330e+00 7.853244e-03
3.093330e+00 3.100000e+00 3.106670e+00 7.332771e-03
3.106670e+00 3.113330e+00 3.120000e+00 6.811896e-03
3.120000e+00 3.126670e+00 3.133330e+00 6.673044e-03
3.133330e+00 3.140000e+00 3.146670e+00 6.215808e-03
3.146670e+00 3.153330e+00 3.160000e+00 5.783305e-03
3.160000e+00 3.166670e+00 3.173330e+00 5.619119e-03
3.173330e+00 3.180000e+00 3.186670e+00 5.098684e-03
3.186670e+00 3.193330e+00 3.200000e+00 4.893565e-03
3.200000e+00 3.206670e+00 3.213330e+00 4.502164e-03
3.213330e+00 3.220000e+00 3.226670e+00 4.003826e-03
3.226670e+00 3.233330e+00 3.240000e+00 3.905466e-03
3.240000e+00 3.246670e+00 3.253330e+00 3.558957e-03
3.253330e+00 3.260000e+00 3.266670e+00 3.309304e-03
3.266670e+00 3.273330e+00 3.280000e+00 2.788513e-03
3.280000e+00 3.286670e+00 3.293330e+00 2.669218e-03
3.293330e+00 3.300000e+00 3.306670e+00 2.192205e-03
3.306670e+00 3.313330e+00 3.320000e+00 1.671478e-03
3.320000e+00 3.326670e+00 3.333330e+00 1.334608e-03
3.333330e+00 3.340000e+00 3.346670e+00 1.075250e-03
3.346670e+00 3.353330e+00 3.360000e+00 5.543530e-04
3.360000e+00 3.366670e+00 3.373330e+00 4.448696e-04
3.373330e+00 3.380000e+00 3.386670e+00 4.448696e-04
3.386670e+00 3.393330e+00 3.400000e+00 4.448696e-04
3.400000e+00 3.406670e+00 3.413330e+00 4.448696e-04
3.413330e+00 3.420000e+00 3.426670e+00 4.448696e-04
3.426670e+00 3.433330e+00 3.440000e+00 4.448696e-04
3.440000e+00 3.446670e+00 3.453330e+00 4.448696e-04
3.453330e+00 3.460000e+00 3.466670e+00 4.448696e-04
3.466670e+00 3.473330e+00 3.480000e+00 4.448696e-04
3.480000e+00 3.486670e+00 3.493330e+00 4.448696e-04
3.493330e+00 3.500000e+00 3.506670e+00 4.448696e-04
3.506670e+00 3.513330e+00 3.520000e+00 4.448696e-04
3.520000e+00 3.526670e+00 3.533330e+00 4.448696e-04
3.533330e+00 3.540000e+00 3.546670e+00 4.448696e-04
3.546670e+00 3.553330e+00 3.560000e+00 4.448696e-04
3.560000e+00 3.566670e+00 3.573330e+00 4.448696e-04
3.573330e+00 3.580000e+00 3.586670e+00 4.448696e-04
3.586670e+00 3.593330e+00 3.600000e+00 4.448696e-04
3.600000e+00 3.606670e+00 3.613330e+00 4.448696e-04
3.613330e+00 3.620000e+00 3.626670e+00 4.448696e-04
3.626670e+00 3.633330e+00 3.640000e+00 4.448696e-04
3.640000e+00 3.646670e+00 3.653330e+00 4.448696e-04
3.653330e+00 3.660000e+00 3.666670e+00 4.448696e-04
3.666670e+00 3.673330e+00 3.680000e+00 4.448696e-04
3.680000e+00 3.686670e+00 3.693330e+00 4.448696e-04
3.693330e+00 3.700000e+00 3.706670e+00 4.448696e-04
3.706670e+00 3.713330e+00 3.720000e+00 4.448696e-04
3.720000e+00 3.726670e+00 3.733330e+00 4.448696e-04
3.733330e+00 3.740000e+00 3.746670e+00 4.448696e-04
3.746670e+00 3.753330e+00 3.760000e+00 4.448696e-04
3.760000e+00 3.766670e+00 3.773330e+00 4.448696e-04
3.773330e+00 3.780000e+00 3.786670e+00 4.448696e-04
3.786670e+00 3.793330e+00 3.800000e+00 4.448696e-04
3.800000e+00 3.806670e+00 3.813330e+00 4.448696e-04
3.813330e+00 3.820000e+00 3.826670e+00 4.448696e-04
3.826670e+00 3.833330e+00 3.840000e+00 4.448696e-04
3.840000e+00 3.846670e+00 3.853330e+00 4.448696e-04
3.853330e+00 3.860000e+00 3.866670e+00 4.448696e-04
3.866670e+00 3.873330e+00 3.880000e+00 4.448696e-04
3.880000e+00 3.886670e+00 3.893330e+00 4.448696e-04
3.893330e+00 3.900000e+00 3.906670e+00 4.448696e-04
3.906670e+00 3.913330e+00 3.920000e+00 4.448696e-04
3.920000e+00 3.926670e+00 3.933330e+00 4.448696e-04
3.933330e+00 3.940000e+00 3.946670e+00 4.448696e-04
3.946670e+00 3.953330e+00 3.960000e+00 4.448696e-04
3.960000e+00 3.966670e+00 3.973330e+00 4.448696e-04
3.973330e+00 3.980000e+00 3.986670e+00 4.448696e-04
3.986670e+00 3.993330e+00 4.000000e+00 4.448696e-04
