0.000000e+00 6.670000e-03 1.333000e-02 3.421099e-03
1.333000e-02 2.000000e-02 2.667000e-02 4.181343e-03
2.667000e-02 3.333000e-02 4.000000e-02 4.941588e-03
4.000000e-02 4.667000e-02 5.333000e-02 6.842198e-03
5.333000e-02 6.000000e-02 6.667000e-02 3.573148e-02
6.667000e-02 7.333000e-02 8.000000e-02 6.386052e-02
8.000000e-02 8.667000e-02 9.333000e-02 9.122931e-02
9.333000e-02 1.000000e-01 1.066700e-01 1.174577e-01
1.066700e-01 1.133300e-01 1.200000e-01 1.429259e-01
1.200000e-01 1.266700e-01 1.333300e-01 1.680140e-01
1.333300e-01 1.400000e-01 1.466700e-01 1.919617e-01
1.466700e-01 1.533300e-01 1.600000e-01 2.151491e-01
1.600000e-01 1.666700e-01 1.733300e-01 2.375763e-01
1.733300e-01 1.800000e-01 1.866700e-01 2.592433e-01
1.866700e-01 1.933300e-01 2.000000e-01 2.801500e-01
2.000000e-01 2.066700e-01 2.133300e-01 3.002965e-01
2.133300e-01 2.200000e-01 2.266700e-01 3.196827e-01
2.266700e-01 2.333300e-01 2.400000e-01 3.383087e-01
2.400000e-01 2.466700e-01 2.533300e-01 3.561744e-01
2.533300e-01 2.600000e-01 2.666700e-01 3.736601e-01
2.666700e-01 2.733300e-01 2.800000e-01 3.903854e-01
2.800000e-01 2.866700e-01 2.933300e-01 4.063506e-01
2.933300e-01 3.000000e-01 3.066700e-01 4.215554e-01
3.066700e-01 3.133300e-01 3.200000e-01 4.360001e-01
3.200000e-01 3.266700e-01 3.333300e-01 4.500646e-01
3.333300e-01 3.400000e-01 3.466700e-01 4.633689e-01
3.466700e-01 3.533300e-01 3.600000e-01 4.762930e-01
3.600000e-01 3.666700e-01 3.733300e-01 4.884569e-01
3.733300e-01 3.800000e-01 3.866700e-01 4.998606e-01
3.866700e-01 3.933300e-01 4.000000e-01 5.108841e-01
4.000000e-01 4.066700e-01 4.133300e-01 5.211474e-01
4.133300e-01 4.200000e-01 4.266700e-01 5.310306e-01
4.266700e-01 4.333300e-01 4.400000e-01 5.401535e-01
4.400000e-01 4.466700e-01 4.533300e-01 5.488964e-01
4.533300e-01 4.600000e-01 4.666700e-01 5.568789e-01
4.666700e-01 4.733300e-01 4.800000e-01 5.644814e-01
4.800000e-01 4.866700e-01 4.933300e-01 5.717037e-01
4.933300e-01 5.000000e-01 5.066700e-01 5.781658e-01
5.066700e-01 5.133300e-01 5.200000e-01 5.842477e-01
5.200000e-01 5.266700e-01 5.333300e-01 5.899495e-01
5.333300e-01 5.400000e-01 5.466700e-01 5.948911e-01
5.466700e-01 5.533300e-01 5.600000e-01 5.994526e-01
5.600000e-01 5.666700e-01 5.733300e-01 6.036339e-01
5.733300e-01 5.800000e-01 5.866700e-01 6.074352e-01
5.866700e-01 5.933300e-01 6.000000e-01 6.108563e-01
6.000000e-01 6.066700e-01 6.133300e-01 6.135171e-01
6.133300e-01 6.200000e-01 6.266700e-01 6.161780e-01
6.266700e-01 6.333300e-01 6.400000e-01 6.180786e-01
6.400000e-01 6.466700e-01 6.533300e-01 6.199792e-01
6.533300e-01 6.600000e-01 6.666700e-01 6.211196e-01
6.666700e-01 6.733300e-01 6.800000e-01 6.222599e-01
6.800000e-01 6.866700e-01 6.933300e-01 6.226400e-01
6.933300e-01 7.000000e-01 7.066700e-01 6.230202e-01
7.066700e-01 7.133300e-01 7.200000e-01 6.226400e-01
7.200000e-01 7.266700e-01 7.333300e-01 6.222599e-01
7.333300e-01 7.400000e-01 7.466700e-01 6.218798e-01
7.466700e-01 7.533300e-01 7.600000e-01 6.207394e-01
7.600000e-01 7.666700e-01 7.733300e-01 6.192189e-01
7.733300e-01 7.800000e-01 7.866700e-01 6.176985e-01
7.866700e-01 7.933300e-01 8.000000e-01 6.161780e-01
8.000000e-01 8.066700e-01 8.133300e-01 6.138972e-01
8.133300e-01 8.200000e-01 8.266700e-01 6.116165e-01
8.266700e-01 8.333300e-01 8.400000e-01 6.089556e-01
8.400000e-01 8.466700e-01 8.533300e-01 6.062948e-01
8.533300e-01 8.600000e-01 8.666700e-01 6.032538e-01
8.666700e-01 8.733300e-01 8.800000e-01 6.002128e-01
8.800000e-01 8.866700e-01 8.933300e-01 5.967917e-01
8.933300e-01 9.000000e-01 9.066700e-01 5.933706e-01
9.066700e-01 9.133300e-01 9.200000e-01 5.899495e-01
9.200000e-01 9.266700e-01 9.333300e-01 5.861483e-01
9.333300e-01 9.400000e-01 9.466700e-01 5.819670e-01
9.466700e-01 9.533300e-01 9.600000e-01 5.781658e-01
9.600000e-01 9.666700e-01 9.733300e-01 5.739844e-01
9.733300e-01 9.800000e-01 9.866700e-01 5.698031e-01
9.866700e-01 9.933300e-01 1.000000e+00 5.652416e-01
1.000000e+00 1.006670e+00 1.013330e+00 5.610603e-01
1.013330e+00 1.020000e+00 1.026670e+00 5.564988e-01
1.026670e+00 1.033330e+00 1.040000e+00 5.519373e-01
1.040000e+00 1.046670e+00 1.053330e+00 5.473759e-01
1.053330e+00 1.060000e+00 1.066670e+00 5.428144e-01
1.066670e+00 1.073330e+00 1.080000e+00 5.382529e-01
1.080000e+00 1.086670e+00 1.093330e+00 5.336915e-01
1.093330e+00 1.100000e+00 1.106670e+00 5.287499e-01
1.106670e+00 1.113330e+00 1.120000e+00 5.241884e-01
1.120000e+00 1.126670e+00 1.133330e+00 5.192468e-01
1.133330e+00 1.140000e+00 1.146670e+00 5.146854e-01
1.146670e+00 1.153330e+00 1.160000e+00 5.097438e-01
1.160000e+00 1.166670e+00 1.173330e+00 5.051823e-01
1.173330e+00 1.180000e+00 1.186670e+00 5.002407e-01
1.186670e+00 1.193330e+00 1.200000e+00 4.956793e-01
1.200000e+00 1.206670e+00 1.213330e+00 4.907377e-01
1.213330e+00 1.220000e+00 1.226670e+00 4.861762e-01
1.226670e+00 1.233330e+00 1.240000e+00 4.816147e-01
1.240000e+00 1.246670e+00 1.253330e+00 4.766731e-01
1.253330e+00 1.260000e+00 1.266670e+00 4.721117e-01
1.266670e+00 1.273330e+00 1.280000e+00 4.675502e-01
1.280000e+00 1.286670e+00 1.293330e+00 4.633689e-01
1.293330e+00 1.300000e+00 1.306670e+00 4.588074e-01
1.306670e+00 1.313330e+00 1.320000e+00 4.542459e-01
1.320000e+00 1.326670e+00 1.333330e+00 4.500646e-01
1.333330e+00 1.340000e+00 1.346670e+00 4.458833e-01
1.346670e+00 1.353330e+00 1.360000e+00 4.417019e-01
1.360000e+00 1.366670e+00 1.373330e+00 4.375206e-01
1.373330e+00 1.380000e+00 1.386670e+00 4.337193e-01
1.386670e+00 1.393330e+00 1.400000e+00 4.299181e-01
1.400000e+00 1.406670e+00 1.413330e+00 4.261169e-01
1.413330e+00 1.420000e+00 1.426670e+00 4.223157e-01
1.426670e+00 1.433330e+00 1.440000e+00 4.188946e-01
1.440000e+00 1.446670e+00 1.453330e+00 4.154735e-01
1.453330e+00 1.460000e+00 1.466670e+00 4.120524e-01
1.466670e+00 1.473330e+00 1.480000e+00 4.086313e-01
1.480000e+00 1.486670e+00 1.493330e+00 4.055903e-01
1.493330e+00 1.500000e+00 1.506670e+00 4.021692e-01
1.506670e+00 1.513330e+00 1.520000e+00 3.991282e-01
1.520000e+00 1.526670e+00 1.533330e+00 3.957071e-01
1.533330e+00 1.540000e+00 1.546670e+00 3.926662e-01
1.546670e+00 1.553330e+00 1.560000e+00 3.896252e-01
1.560000e+00 1.566670e+00 1.573330e+00 3.865842e-01
1.573330e+00 1.580000e+00 1.586670e+00 3.835432e-01
1.586670e+00 1.593330e+00 1.600000e+00 3.801221e-01
1.600000e+00 1.606670e+00 1.613330e+00 3.770811e-01
1.613330e+00 1.620000e+00 1.626670e+00 3.736601e-01
1.626670e+00 1.633330e+00 1.640000e+00 3.706191e-01
1.640000e+00 1.646670e+00 1.653330e+00 3.671980e-01
1.653330e+00 1.660000e+00 1.666670e+00 3.637769e-01
1.666670e+00 1.673330e+00 1.680000e+00 3.603558e-01
1.680000e+00 1.686670e+00 1.693330e+00 3.569347e-01
1.693330e+00 1.700000e+00 1.706670e+00 3.531335e-01
1.706670e+00 1.713330e+00 1.720000e+00 3.493322e-01
1.720000e+00 1.726670e+00 1.733330e+00 3.455310e-01
1.733330e+00 1.740000e+00 1.746670e+00 3.417298e-01
1.746670e+00 1.753330e+00 1.760000e+00 3.375484e-01
1.760000e+00 1.766670e+00 1.773330e+00 3.333671e-01
1.773330e+00 1.780000e+00 1.786670e+00 3.288056e-01
1.786670e+00 1.793330e+00 1.800000e+00 3.242442e-01
1.800000e+00 1.806670e+00 1.813330e+00 3.193026e-01
1.813330e+00 1.820000e+00 1.826670e+00 3.143610e-01
1.826670e+00 1.833330e+00 1.840000e+00 3.094194e-01
1.840000e+00 1.846670e+00 1.853330e+00 3.040977e-01
1.853330e+00 1.860000e+00 1.866670e+00 2.987760e-01
1.866670e+00 1.873330e+00 1.880000e+00 2.934543e-01
1.880000e+00 1.886670e+00 1.893330e+00 2.877524e-01
1.893330e+00 1.900000e+00 1.906670e+00 2.824307e-01
1.906670e+00 1.913330e+00 1.920000e+00 2.767289e-01
1.920000e+00 1.926670e+00 1.933330e+00 2.706470e-01
1.933330e+00 1.940000e+00 1.946670e+00 2.649451e-01
1.946670e+00 1.953330e+00 1.960000e+00 2.592433e-01
1.960000e+00 1.966670e+00 1.973330e+00 2.531613e-01
1.973330e+00 1.980000e+00 1.986670e+00 2.474595e-01
1.986670e+00 1.993330e+00 2.000000e+00 2.413776e-01
2.000000e+00 2.006670e+00 2.013330e+00 2.356757e-01
2.013330e+00 2.020000e+00 2.026670e+00 2.299739e-01
2.026670e+00 2.033330e+00 2.040000e+00 2.238919e-01
2.040000e+00 2.046670e+00 2.053330e+00 2.181901e-01
2.053330e+00 2.060000e+00 2.066670e+00 2.128684e-01
2.066670e+00 2.073330e+00 2.080000e+00 2.071666e-01
2.080000e+00 2.086670e+00 2.093330e+00 2.018448e-01
2.093330e+00 2.100000e+00 2.106670e+00 1.965231e-01
2.106670e+00 2.113330e+00 2.120000e+00 1.912014e-01
2.120000e+00 2.126670e+00 2.133330e+00 1.862598e-01
2.133330e+00 2.140000e+00 2.146670e+00 1.813183e-01
2.146670e+00 2.153330e+00 2.160000e+00 1.763767e-01
2.160000e+00 2.166670e+00 2.173330e+00 1.718152e-01
2.173330e+00 2.180000e+00 2.186670e+00 1.676339e-01
2.186670e+00 2.193330e+00 2.200000e+00 1.634525e-01
2.200000e+00 2.206670e+00 2.213330e+00 1.596513e-01
2.213330e+00 2.220000e+00 2.226670e+00 1.558501e-01
2.226670e+00 2.233330e+00 2.240000e+00 1.524290e-01
2.240000e+00 2.246670e+00 2.253330e+00 1.490079e-01
2.253330e+00 2.260000e+00 2.266670e+00 1.459669e-01
2.266670e+00 2.273330e+00 2.280000e+00 1.433060e-01
2.280000e+00 2.286670e+00 2.293330e+00 1.406452e-01
2.293330e+00 2.300000e+00 2.306670e+00 1.379843e-01
2.306670e+00 2.313330e+00 2.320000e+00 1.357036e-01
2.320000e+00 2.326670e+00 2.333330e+00 1.334229e-01
2.333330e+00 2.340000e+00 2.346670e+00 1.311421e-01
2.346670e+00 2.353330e+00 2.360000e+00 1.292415e-01
2.360000e+00 2.366670e+00 2.373330e+00 1.273409e-01
2.373330e+00 2.380000e+00 2.386670e+00 1.254403e-01
2.386670e+00 2.393330e+00 2.400000e+00 1.239198e-01
2.400000e+00 2.406670e+00 2.413330e+00 1.223993e-01
2.413330e+00 2.420000e+00 2.426670e+00 1.208788e-01
2.426670e+00 2.433330e+00 2.440000e+00 1.193583e-01
2.440000e+00 2.446670e+00 2.453330e+00 1.178379e-01
2.453330e+00 2.460000e+00 2.466670e+00 1.163174e-01
2.466670e+00 2.473330e+00 2.480000e+00 1.151770e-01
2.480000e+00 2.486670e+00 2.493330e+00 1.136565e-01
2.493330e+00 2.500000e+00 2.506670e+00 1.125161e-01
2.506670e+00 2.513330e+00 2.520000e+00 1.109957e-01
2.520000e+00 2.526670e+00 2.533330e+00 1.098553e-01
2.533330e+00 2.540000e+00 2.546670e+00 1.083348e-01
2.546670e+00 2.553330e+00 2.560000e+00 1.068143e-01
2.560000e+00 2.566670e+00 2.573330e+00 1.056740e-01
2.573330e+00 2.580000e+00 2.586670e+00 1.041535e-01
2.586670e+00 2.593330e+00 2.600000e+00 1.026330e-01
2.600000e+00 2.606670e+00 2.613330e+00 1.007324e-01
2.613330e+00 2.620000e+00 2.626670e+00 9.921187e-02
2.626670e+00 2.633330e+00 2.640000e+00 9.731126e-02
2.640000e+00 2.646670e+00 2.653330e+00 9.579078e-02
2.653330e+00 2.660000e+00 2.666670e+00 9.389017e-02
2.666670e+00 2.673330e+00 2.680000e+00 9.160943e-02
2.680000e+00 2.686670e+00 2.693330e+00 8.970882e-02
2.693330e+00 2.700000e+00 2.706670e+00 8.780821e-02
2.706670e+00 2.713330e+00 2.720000e+00 8.552748e-02
2.720000e+00 2.726670e+00 2.733330e+00 8.362687e-02
2.733330e+00 2.740000e+00 2.746670e+00 8.134614e-02
2.746670e+00 2.753330e+00 2.760000e+00 7.906540e-02
2.760000e+00 2.766670e+00 2.773330e+00 7.716479e-02
2.773330e+00 2.780000e+00 2.786670e+00 7.488406e-02
2.786670e+00 2.793330e+00 2.800000e+00 7.260333e-02
2.800000e+00 2.806670e+00 2.813330e+00 7.032259e-02
2.813330e+00 2.820000e+00 2.826670e+00 6.804186e-02
2.826670e+00 2.833330e+00 2.840000e+00 6.576113e-02
2.840000e+00 2.846670e+00 2.853330e+00 6.348040e-02
2.853330e+00 2.860000e+00 2.866670e+00 6.157978e-02
2.866670e+00 2.873330e+00 2.880000e+00 5.929905e-02
2.880000e+00 2.886670e+00 2.893330e+00 5.701832e-02
2.893330e+00 2.900000e+00 2.906670e+00 5.511771e-02
2.906670e+00 2.913330e+00 2.920000e+00 5.283698e-02
2.920000e+00 2.926670e+00 2.933330e+00 5.093636e-02
2.933330e+00 2.940000e+00 2.946670e+00 4.865563e-02
2.946670e+00 2.953330e+00 2.960000e+00 4.675502e-02
2.960000e+00 2.966670e+00 2.973330e+00 4.485441e-02
2.973330e+00 2.980000e+00 2.986670e+00 4.295380e-02
2.986670e+00 2.993330e+00 3.000000e+00 4.105319e-02
3.000000e+00 3.006670e+00 3.013330e+00 3.953270e-02
3.013330e+00 3.020000e+00 3.026670e+00 3.801221e-02
3.026670e+00 3.033330e+00 3.040000e+00 3.611160e-02
3.040000e+00 3.046670e+00 3.053330e+00 3.459111e-02
3.053330e+00 3.060000e+00 3.066670e+00 3.345075e-02
3.066670e+00 3.073330e+00 3.080000e+00 3.193026e-02
3.080000e+00 3.086670e+00 3.093330e+00 3.040977e-02
3.093330e+00 3.100000e+00 3.106670e+00 2.926940e-02
3.106670e+00 3.113330e+00 3.120000e+00 2.812904e-02
3.120000e+00 3.126670e+00 3.133330e+00 2.698867e-02
3.133330e+00 3.140000e+00 3.146670e+00 2.584830e-02
3.146670e+00 3.153330e+00 3.160000e+00 2.470794e-02
3.160000e+00 3.166670e+00 3.173330e+00 2.356757e-02
3.173330e+00 3.180000e+00 3.186670e+00 2.280733e-02
3.186670e+00 3.193330e+00 3.200000e+00 2.166696e-02
3.200000e+00 3.206670e+00 3.213330e+00 2.090672e-02
3.213330e+00 3.220000e+00 3.226670e+00 2.014647e-02
3.226670e+00 3.233330e+00 3.240000e+00 1.938623e-02
3.240000e+00 3.246670e+00 3.253330e+00 1.862598e-02
3.253330e+00 3.260000e+00 3.266670e+00 1.786574e-02
3.266670e+00 3.273330e+00 3.280000e+00 1.710550e-02
3.280000e+00 3.286670e+00 3.293330e+00 1.672537e-02
3.293330e+00 3.300000e+00 3.306670e+00 1.596513e-02
3.306670e+00 3.313330e+00 3.320000e+00 1.520489e-02
3.320000e+00 3.326670e+00 3.333330e+00 1.482476e-02
3.333330e+00 3.340000e+00 3.346670e+00 1.444464e-02
3.346670e+00 3.353330e+00 3.360000e+00 1.368440e-02
3.360000e+00 3.366670e+00 3.373330e+00 1.330427e-02
3.373330e+00 3.380000e+00 3.386670e+00 1.292415e-02
3.386670e+00 3.393330e+00 3.400000e+00 1.216391e-02
3.400000e+00 3.406670e+00 3.413330e+00 1.178379e-02
3.413330e+00 3.420000e+00 3.426670e+00 1.140366e-02
3.426670e+00 3.433330e+00 3.440000e+00 1.102354e-02
3.440000e+00 3.446670e+00 3.453330e+00 1.064342e-02
3.453330e+00 3.460000e+00 3.466670e+00 1.026330e-02
3.466670e+00 3.473330e+00 3.480000e+00 9.883175e-03
3.480000e+00 3.486670e+00 3.493330e+00 9.503053e-03
3.493330e+00 3.500000e+00 3.506670e+00 9.122931e-03
3.506670e+00 3.513330e+00 3.520000e+00 8.742809e-03
3.520000e+00 3.526670e+00 3.533330e+00 8.362687e-03
3.533330e+00 3.540000e+00 3.546670e+00 8.362687e-03
3.546670e+00 3.553330e+00 3.560000e+00 7.982565e-03
3.560000e+00 3.566670e+00 3.573330e+00 7.602443e-03
3.573330e+00 3.580000e+00 3.586670e+00 7.222320e-03
3.586670e+00 3.593330e+00 3.600000e+00 6.842198e-03
3.600000e+00 3.606670e+00 3.613330e+00 6.842198e-03
3.613330e+00 3.620000e+00 3.626670e+00 6.462076e-03
3.626670e+00 3.633330e+00 3.640000e+00 6.081954e-03
3.640000e+00 3.646670e+00 3.653330e+00 5.701832e-03
3.653330e+00 3.660000e+00 3.666670e+00 5.701832e-03
3.666670e+00 3.673330e+00 3.680000e+00 5.321710e-03
3.680000e+00 3.686670e+00 3.693330e+00 4.941588e-03
3.693330e+00 3.700000e+00 3.706670e+00 4.941588e-03
3.706670e+00 3.713330e+00 3.720000e+00 4.561466e-03
3.720000e+00 3.726670e+00 3.733330e+00 4.181343e-03
3.733330e+00 3.740000e+00 3.746670e+00 4.181343e-03
3.746670e+00 3.753330e+00 3.760000e+00 3.801221e-03
3.760000e+00 3.766670e+00 3.773330e+00 3.421099e-03
3.773330e+00 3.780000e+00 3.786670e+00 3.421099e-03
3.786670e+00 3.793330e+00 3.800000e+00 3.040977e-03
3.800000e+00 3.806670e+00 3.813330e+00 3.040977e-03
3.813330e+00 3.820000e+00 3.826670e+00 2.660855e-03
3.826670e+00 3.833330e+00 3.840000e+00 2.280733e-03
3.840000e+00 3.846670e+00 3.853330e+00 2.280733e-03
3.853330e+00 3.860000e+00 3.866670e+00 1.900611e-03
3.866670e+00 3.873330e+00 3.880000e+00 1.520489e-03
3.880000e+00 3.886670e+00 3.893330e+00 1.140366e-03
3.893330e+00 3.900000e+00 3.906670e+00 1.140366e-03
3.906670e+00 3.913330e+00 3.920000e+00 7.602443e-04
3.920000e+00 3.926670e+00 3.933330e+00 3.801221e-04
3.933330e+00 3.940000e+00 3.946670e+00 3.801221e-04
3.946670e+00 3.953330e+00 3.960000e+00 3.801221e-04
3.960000e+00 3.966670e+00 3.973330e+00 3.801221e-04
3.973330e+00 3.980000e+00 3.986670e+00 3.801221e-04
3.986670e+00 3.993330e+00 4.000000e+00 3.801221e-04
