0.000000e+00 7.900000e-03 1.000000e-02 3.112345e-05
1.000000e-02 1.650000e-02 2.000000e-02 1.352336e-04
2.000000e-02 2.590000e-02 3.000000e-02 3.315555e-04
3.000000e-02 3.560000e-02 4.000000e-02 6.228863e-04
4.000000e-02 4.560000e-02 5.000000e-02 1.015623e-03
5.000000e-02 5.540000e-02 6.000000e-02 1.489434e-03
6.000000e-02 6.540000e-02 7.000000e-02 2.061426e-03
7.000000e-02 7.530000e-02 8.000000e-02 2.713486e-03
8.000000e-02 8.520000e-02 9.000000e-02 3.448571e-03
9.000000e-02 9.520000e-02 1.000000e-01 4.272961e-03
1.000000e-01 1.052000e-01 1.100000e-01 5.177182e-03
1.100000e-01 1.152000e-01 1.200000e-01 6.158744e-03
1.200000e-01 1.251000e-01 1.300000e-01 7.204214e-03
1.300000e-01 1.351000e-01 1.400000e-01 8.332218e-03
1.400000e-01 1.451000e-01 1.500000e-01 9.530045e-03
1.500000e-01 1.551000e-01 1.600000e-01 1.079518e-02
1.600000e-01 1.651000e-01 1.700000e-01 1.212510e-02
1.700000e-01 1.751000e-01 1.800000e-01 1.351731e-02
1.800000e-01 1.851000e-01 1.900000e-01 1.496931e-02
1.900000e-01 1.951000e-01 2.000000e-01 1.647863e-02
2.000000e-01 2.051000e-01 2.100000e-01 1.804281e-02
2.100000e-01 2.151000e-01 2.200000e-01 1.965940e-02
2.200000e-01 2.250000e-01 2.300000e-01 2.130910e-02
2.300000e-01 2.350000e-01 2.400000e-01 2.302285e-02
2.400000e-01 2.450000e-01 2.500000e-01 2.478187e-02
2.500000e-01 2.550000e-01 2.600000e-01 2.658383e-02
2.600000e-01 2.650000e-01 2.700000e-01 2.842643e-02
2.700000e-01 2.750000e-01 2.800000e-01 3.030738e-02
2.800000e-01 2.850000e-01 2.900000e-01 3.222444e-02
2.900000e-01 2.950000e-01 3.000000e-01 3.417542e-02
3.000000e-01 3.050000e-01 3.100000e-01 3.615812e-02
3.100000e-01 3.150000e-01 3.200000e-01 3.817042e-02
3.200000e-01 3.250000e-01 3.300000e-01 4.021021e-02
3.300000e-01 3.350000e-01 3.400000e-01 4.227543e-02
3.400000e-01 3.450000e-01 3.500000e-01 4.436404e-02
3.500000e-01 3.550000e-01 3.600000e-01 4.647406e-02
3.600000e-01 3.650000e-01 3.700000e-01 4.860354e-02
3.700000e-01 3.750000e-01 3.800000e-01 5.075055e-02
3.800000e-01 3.850000e-01 3.900000e-01 5.291324e-02
3.900000e-01 3.950000e-01 4.000000e-01 5.508976e-02
4.000000e-01 4.050000e-01 4.100000e-01 5.727832e-02
4.100000e-01 4.150000e-01 4.200000e-01 5.947716e-02
4.200000e-01 4.250000e-01 4.300000e-01 6.168457e-02
4.300000e-01 4.350000e-01 4.400000e-01 6.389888e-02
4.400000e-01 4.450000e-01 4.500000e-01 6.611844e-02
4.500000e-01 4.550000e-01 4.600000e-01 6.834167e-02
4.600000e-01 4.650000e-01 4.700000e-01 7.056700e-02
4.700000e-01 4.750000e-01 4.800000e-01 7.279292e-02
4.800000e-01 4.850000e-01 4.900000e-01 7.501796e-02
4.900000e-01 4.950000e-01 5.000000e-01 7.724068e-02
5.000000e-01 5.050000e-01 5.100000e-01 7.945967e-02
5.100000e-01 5.150000e-01 5.200000e-01 8.167359e-02
5.200000e-01 5.250000e-01 5.300000e-01 8.388111e-02
5.300000e-01 5.350000e-01 5.400000e-01 8.608095e-02
5.400000e-01 5.450000e-01 5.500000e-01 8.827186e-02
5.500000e-01 5.550000e-01 5.600000e-01 9.045265e-02
5.600000e-01 5.650000e-01 5.700000e-01 9.262214e-02
5.700000e-01 5.750000e-01 5.800000e-01 9.477921e-02
5.800000e-01 5.850000e-01 5.900000e-01 9.692275e-02
5.900000e-01 5.950000e-01 6.000000e-01 9.905172e-02
6.000000e-01 6.050000e-01 6.100000e-01 1.011651e-01
6.100000e-01 6.150000e-01 6.200000e-01 1.032619e-01
6.200000e-01 6.250000e-01 6.300000e-01 1.053411e-01
6.300000e-01 6.350000e-01 6.400000e-01 1.074019e-01
6.400000e-01 6.450000e-01 6.500000e-01 1.094434e-01
6.500000e-01 6.550000e-01 6.600000e-01 1.114646e-01
6.600000e-01 6.650000e-01 6.700000e-01 1.134649e-01
6.700000e-01 6.750000e-01 6.800000e-01 1.154434e-01
6.800000e-01 6.850000e-01 6.900000e-01 1.173994e-01
6.900000e-01 6.950000e-01 7.000000e-01 1.193321e-01
7.000000e-01 7.050000e-01 7.100000e-01 1.212410e-01
7.100000e-01 7.150000e-01 7.200000e-01 1.231252e-01
7.200000e-01 7.250000e-01 7.300000e-01 1.249842e-01
7.300000e-01 7.350000e-01 7.400000e-01 1.268174e-01
7.400000e-01 7.450000e-01 7.500000e-01 1.286242e-01
7.500000e-01 7.550000e-01 7.600000e-01 1.304041e-01
7.600000e-01 7.650000e-01 7.700000e-01 1.321566e-01
7.700000e-01 7.750000e-01 7.800000e-01 1.338813e-01
7.800000e-01 7.850000e-01 7.900000e-01 1.355775e-01
7.900000e-01 7.950000e-01 8.000000e-01 1.372450e-01
8.000000e-01 8.050000e-01 8.100000e-01 1.388833e-01
8.100000e-01 8.150000e-01 8.200000e-01 1.404920e-01
8.200000e-01 8.250000e-01 8.300000e-01 1.420709e-01
8.300000e-01 8.350000e-01 8.400000e-01 1.436195e-01
8.400000e-01 8.450000e-01 8.500000e-01 1.451375e-01
8.500000e-01 8.550000e-01 8.600000e-01 1.466248e-01
8.600000e-01 8.650000e-01 8.700000e-01 1.480810e-01
8.700000e-01 8.750000e-01 8.800000e-01 1.495059e-01
8.800000e-01 8.850000e-01 8.900000e-01 1.508993e-01
8.900000e-01 8.950000e-01 9.000000e-01 1.522610e-01
9.000000e-01 9.050000e-01 9.100000e-01 1.535908e-01
9.100000e-01 9.150000e-01 9.200000e-01 1.548886e-01
9.200000e-01 9.250000e-01 9.300000e-01 1.561543e-01
9.300000e-01 9.350000e-01 9.400000e-01 1.573877e-01
9.400000e-01 9.450000e-01 9.500000e-01 1.585888e-01
9.500000e-01 9.550000e-01 9.600000e-01 1.597575e-01
9.600000e-01 9.650000e-01 9.700000e-01 1.608938e-01
9.700000e-01 9.750000e-01 9.800000e-01 1.619975e-01
9.800000e-01 9.850000e-01 9.900000e-01 1.630687e-01
9.900000e-01 9.950000e-01 1.000000e+00 1.641074e-01
1.000000e+00 1.005000e+00 1.010000e+00 1.651136e-01
1.010000e+00 1.015000e+00 1.020000e+00 1.660874e-01
1.020000e+00 1.025000e+00 1.030000e+00 1.670287e-01
1.030000e+00 1.035000e+00 1.040000e+00 1.679376e-01
1.040000e+00 1.045000e+00 1.050000e+00 1.688143e-01
1.050000e+00 1.055000e+00 1.060000e+00 1.696587e-01
1.060000e+00 1.065000e+00 1.070000e+00 1.704711e-01
1.070000e+00 1.075000e+00 1.080000e+00 1.712515e-01
1.080000e+00 1.085000e+00 1.090000e+00 1.720000e-01
1.090000e+00 1.095000e+00 1.100000e+00 1.727168e-01
1.100000e+00 1.105000e+00 1.110000e+00 1.734020e-01
1.110000e+00 1.115000e+00 1.120000e+00 1.740559e-01
1.120000e+00 1.125000e+00 1.130000e+00 1.746785e-01
1.130000e+00 1.135000e+00 1.140000e+00 1.752700e-01
1.140000e+00 1.145000e+00 1.150000e+00 1.758307e-01
1.150000e+00 1.155000e+00 1.160000e+00 1.763608e-01
1.160000e+00 1.165000e+00 1.170000e+00 1.768604e-01
1.170000e+00 1.175000e+00 1.180000e+00 1.773299e-01
1.180000e+00 1.185000e+00 1.190000e+00 1.777693e-01
1.190000e+00 1.195000e+00 1.200000e+00 1.781790e-01
1.200000e+00 1.205000e+00 1.210000e+00 1.785592e-01
1.210000e+00 1.215000e+00 1.220000e+00 1.789102e-01
1.220000e+00 1.225000e+00 1.230000e+00 1.792322e-01
1.230000e+00 1.235000e+00 1.240000e+00 1.795255e-01
1.240000e+00 1.245000e+00 1.250000e+00 1.797904e-01
1.250000e+00 1.255000e+00 1.260000e+00 1.800271e-01
1.260000e+00 1.265000e+00 1.270000e+00 1.802360e-01
1.270000e+00 1.275000e+00 1.280000e+00 1.804173e-01
1.280000e+00 1.285000e+00 1.290000e+00 1.805713e-01
1.290000e+00 1.295000e+00 1.300000e+00 1.806984e-01
1.300000e+00 1.305000e+00 1.310000e+00 1.807989e-01
1.310000e+00 1.315000e+00 1.320000e+00 1.808730e-01
1.320000e+00 1.325000e+00 1.330000e+00 1.809211e-01
1.330000e+00 1.335000e+00 1.340000e+00 1.809435e-01
1.340000e+00 1.344900e+00 1.350000e+00 1.809407e-01
1.350000e+00 1.354900e+00 1.360000e+00 1.809130e-01
1.360000e+00 1.364900e+00 1.370000e+00 1.808606e-01
1.370000e+00 1.374900e+00 1.380000e+00 1.807838e-01
1.380000e+00 1.384900e+00 1.390000e+00 1.806830e-01
1.390000e+00 1.394900e+00 1.400000e+00 1.805585e-01
1.400000e+00 1.404900e+00 1.410000e+00 1.804106e-01
1.410000e+00 1.414900e+00 1.420000e+00 1.802398e-01
1.420000e+00 1.424900e+00 1.430000e+00 1.800463e-01
1.430000e+00 1.434900e+00 1.440000e+00 1.798305e-01
1.440000e+00 1.444900e+00 1.450000e+00 1.795928e-01
1.450000e+00 1.454900e+00 1.460000e+00 1.793334e-01
1.460000e+00 1.464900e+00 1.470000e+00 1.790529e-01
1.470000e+00 1.474900e+00 1.480000e+00 1.787514e-01
1.480000e+00 1.484900e+00 1.490000e+00 1.784295e-01
1.490000e+00 1.494900e+00 1.500000e+00 1.780873e-01
1.500000e+00 1.504900e+00 1.510000e+00 1.777254e-01
1.510000e+00 1.514900e+00 1.520000e+00 1.773440e-01
1.520000e+00 1.524900e+00 1.530000e+00 1.769434e-01
1.530000e+00 1.534900e+00 1.540000e+00 1.765242e-01
1.540000e+00 1.544900e+00 1.550000e+00 1.760865e-01
1.550000e+00 1.554900e+00 1.560000e+00 1.756308e-01
1.560000e+00 1.564900e+00 1.570000e+00 1.751575e-01
1.570000e+00 1.574900e+00 1.580000e+00 1.746668e-01
1.580000e+00 1.584900e+00 1.590000e+00 1.741591e-01
1.590000e+00 1.594900e+00 1.600000e+00 1.736349e-01
1.600000e+00 1.604900e+00 1.610000e+00 1.730943e-01
1.610000e+00 1.614900e+00 1.620000e+00 1.725378e-01
1.620000e+00 1.624900e+00 1.630000e+00 1.719658e-01
1.630000e+00 1.634900e+00 1.640000e+00 1.713786e-01
1.640000e+00 1.644900e+00 1.650000e+00 1.707764e-01
1.650000e+00 1.654900e+00 1.660000e+00 1.701598e-01
1.660000e+00 1.664900e+00 1.670000e+00 1.695289e-01
1.670000e+00 1.674900e+00 1.680000e+00 1.688842e-01
1.680000e+00 1.684900e+00 1.690000e+00 1.682260e-01
1.690000e+00 1.694900e+00 1.700000e+00 1.675547e-01
1.700000e+00 1.704900e+00 1.710000e+00 1.668704e-01
1.710000e+00 1.714900e+00 1.720000e+00 1.661737e-01
1.720000e+00 1.724900e+00 1.730000e+00 1.654648e-01
1.730000e+00 1.734900e+00 1.740000e+00 1.647441e-01
1.740000e+00 1.744900e+00 1.750000e+00 1.640118e-01
1.750000e+00 1.754900e+00 1.760000e+00 1.632683e-01
1.760000e+00 1.764900e+00 1.770000e+00 1.625139e-01
1.770000e+00 1.774900e+00 1.780000e+00 1.617490e-01
1.780000e+00 1.784900e+00 1.790000e+00 1.609738e-01
1.790000e+00 1.794900e+00 1.800000e+00 1.601887e-01
1.800000e+00 1.804900e+00 1.810000e+00 1.593939e-01
1.810000e+00 1.814900e+00 1.820000e+00 1.585898e-01
1.820000e+00 1.824900e+00 1.830000e+00 1.577767e-01
1.830000e+00 1.834900e+00 1.840000e+00 1.569548e-01
1.840000e+00 1.844900e+00 1.850000e+00 1.561245e-01
1.850000e+00 1.854900e+00 1.860000e+00 1.552861e-01
1.860000e+00 1.864900e+00 1.870000e+00 1.544398e-01
1.870000e+00 1.874900e+00 1.880000e+00 1.535860e-01
1.880000e+00 1.884900e+00 1.890000e+00 1.527248e-01
1.890000e+00 1.894900e+00 1.900000e+00 1.518567e-01
1.900000e+00 1.904900e+00 1.910000e+00 1.509819e-01
1.910000e+00 1.914900e+00 1.920000e+00 1.501006e-01
1.920000e+00 1.924900e+00 1.930000e+00 1.492132e-01
1.930000e+00 1.934900e+00 1.940000e+00 1.483198e-01
1.940000e+00 1.944900e+00 1.950000e+00 1.474208e-01
1.950000e+00 1.954900e+00 1.960000e+00 1.465164e-01
1.960000e+00 1.964900e+00 1.970000e+00 1.456068e-01
1.970000e+00 1.974900e+00 1.980000e+00 1.446924e-01
1.980000e+00 1.984900e+00 1.990000e+00 1.437734e-01
1.990000e+00 1.994900e+00 2.000000e+00 1.428499e-01
2.000000e+00 2.005000e+00 2.010000e+00 0.000000e+00
2.010000e+00 2.015000e+00 2.020000e+00 0.000000e+00
2.020000e+00 2.025000e+00 2.030000e+00 0.000000e+00
2.030000e+00 2.035000e+00 2.040000e+00 0.000000e+00
2.040000e+00 2.044900e+00 2.050000e+00 0.000000e+00
2.050000e+00 2.054900e+00 2.060000e+00 0.000000e+00
2.060000e+00 2.064900e+00 2.070000e+00 0.000000e+00
2.070000e+00 2.075000e+00 2.080000e+00 0.000000e+00
2.080000e+00 2.085000e+00 2.090000e+00 0.000000e+00
2.090000e+00 2.095000e+00 2.100000e+00 0.000000e+00
2.100000e+00 2.105000e+00 2.110000e+00 0.000000e+00
2.110000e+00 2.115000e+00 2.120000e+00 0.000000e+00
2.120000e+00 2.125000e+00 2.130000e+00 0.000000e+00
2.130000e+00 2.135000e+00 2.140000e+00 0.000000e+00
2.140000e+00 2.145000e+00 2.150000e+00 0.000000e+00
2.150000e+00 2.155000e+00 2.160000e+00 0.000000e+00
2.160000e+00 2.165000e+00 2.170000e+00 0.000000e+00
2.170000e+00 2.175000e+00 2.180000e+00 0.000000e+00
2.180000e+00 2.185000e+00 2.190000e+00 0.000000e+00
2.190000e+00 2.195000e+00 2.200000e+00 0.000000e+00
2.200000e+00 2.205000e+00 2.210000e+00 0.000000e+00
2.210000e+00 2.215000e+00 2.220000e+00 0.000000e+00
2.220000e+00 2.225000e+00 2.230000e+00 0.000000e+00
2.230000e+00 2.235000e+00 2.240000e+00 0.000000e+00
2.240000e+00 2.245000e+00 2.250000e+00 0.000000e+00
2.250000e+00 2.255000e+00 2.260000e+00 0.000000e+00
2.260000e+00 2.265000e+00 2.270000e+00 0.000000e+00
2.270000e+00 2.275000e+00 2.280000e+00 0.000000e+00
2.280000e+00 2.285000e+00 2.290000e+00 0.000000e+00
2.290000e+00 2.295000e+00 2.300000e+00 0.000000e+00
2.300000e+00 2.305000e+00 2.310000e+00 0.000000e+00
2.310000e+00 2.314900e+00 2.320000e+00 0.000000e+00
2.320000e+00 2.324900e+00 2.330000e+00 0.000000e+00
2.330000e+00 2.334900e+00 2.340000e+00 0.000000e+00
2.340000e+00 2.345000e+00 2.350000e+00 0.000000e+00
2.350000e+00 2.355000e+00 2.360000e+00 0.000000e+00
2.360000e+00 2.365000e+00 2.370000e+00 0.000000e+00
2.370000e+00 2.375000e+00 2.380000e+00 0.000000e+00
2.380000e+00 2.385000e+00 2.390000e+00 0.000000e+00
2.390000e+00 2.395000e+00 2.400000e+00 0.000000e+00
2.400000e+00 2.405000e+00 2.410000e+00 0.000000e+00
2.410000e+00 2.415000e+00 2.420000e+00 0.000000e+00
2.420000e+00 2.425000e+00 2.430000e+00 0.000000e+00
2.430000e+00 2.435000e+00 2.440000e+00 0.000000e+00
2.440000e+00 2.445000e+00 2.450000e+00 0.000000e+00
2.450000e+00 2.455000e+00 2.460000e+00 0.000000e+00
2.460000e+00 2.465000e+00 2.470000e+00 0.000000e+00
2.470000e+00 2.475000e+00 2.480000e+00 0.000000e+00
2.480000e+00 2.485000e+00 2.490000e+00 0.000000e+00
2.490000e+00 2.495000e+00 2.500000e+00 0.000000e+00
2.500000e+00 2.505000e+00 2.510000e+00 0.000000e+00
2.510000e+00 2.515000e+00 2.520000e+00 0.000000e+00
2.520000e+00 2.525000e+00 2.530000e+00 0.000000e+00
2.530000e+00 2.535000e+00 2.540000e+00 0.000000e+00
2.540000e+00 2.545000e+00 2.550000e+00 0.000000e+00
2.550000e+00 2.555000e+00 2.560000e+00 0.000000e+00
2.560000e+00 2.564900e+00 2.570000e+00 0.000000e+00
2.570000e+00 2.574900e+00 2.580000e+00 0.000000e+00
2.580000e+00 2.584900e+00 2.590000e+00 0.000000e+00
2.590000e+00 2.594900e+00 2.600000e+00 0.000000e+00
2.600000e+00 2.604900e+00 2.610000e+00 0.000000e+00
2.610000e+00 2.615000e+00 2.620000e+00 0.000000e+00
2.620000e+00 2.625000e+00 2.630000e+00 0.000000e+00
2.630000e+00 2.635000e+00 2.640000e+00 0.000000e+00
2.640000e+00 2.645000e+00 2.650000e+00 0.000000e+00
2.650000e+00 2.655000e+00 2.660000e+00 0.000000e+00
2.660000e+00 2.665000e+00 2.670000e+00 0.000000e+00
2.670000e+00 2.675000e+00 2.680000e+00 0.000000e+00
2.680000e+00 2.685000e+00 2.690000e+00 0.000000e+00
2.690000e+00 2.695000e+00 2.700000e+00 0.000000e+00
2.700000e+00 2.705000e+00 2.710000e+00 0.000000e+00
2.710000e+00 2.715000e+00 2.720000e+00 0.000000e+00
2.720000e+00 2.725000e+00 2.730000e+00 0.000000e+00
2.730000e+00 2.735000e+00 2.740000e+00 0.000000e+00
2.740000e+00 2.745000e+00 2.750000e+00 0.000000e+00
2.750000e+00 2.755000e+00 2.760000e+00 0.000000e+00
2.760000e+00 2.765000e+00 2.770000e+00 0.000000e+00
2.770000e+00 2.775000e+00 2.780000e+00 0.000000e+00
2.780000e+00 2.785000e+00 2.790000e+00 0.000000e+00
2.790000e+00 2.795000e+00 2.800000e+00 0.000000e+00
2.800000e+00 2.805000e+00 2.810000e+00 0.000000e+00
2.810000e+00 2.814900e+00 2.820000e+00 0.000000e+00
2.820000e+00 2.824900e+00 2.830000e+00 0.000000e+00
2.830000e+00 2.834900e+00 2.840000e+00 0.000000e+00
2.840000e+00 2.844900e+00 2.850000e+00 0.000000e+00
2.850000e+00 2.854900e+00 2.860000e+00 0.000000e+00
2.860000e+00 2.864900e+00 2.870000e+00 0.000000e+00
2.870000e+00 2.874900e+00 2.880000e+00 0.000000e+00
2.880000e+00 2.885000e+00 2.890000e+00 0.000000e+00
2.890000e+00 2.895000e+00 2.900000e+00 0.000000e+00
2.900000e+00 2.905000e+00 2.910000e+00 0.000000e+00
2.910000e+00 2.915000e+00 2.920000e+00 0.000000e+00
2.920000e+00 2.925000e+00 2.930000e+00 0.000000e+00
2.930000e+00 2.935000e+00 2.940000e+00 0.000000e+00
2.940000e+00 2.945000e+00 2.950000e+00 0.000000e+00
2.950000e+00 2.955000e+00 2.960000e+00 0.000000e+00
2.960000e+00 2.965000e+00 2.970000e+00 0.000000e+00
2.970000e+00 2.975000e+00 2.980000e+00 0.000000e+00
2.980000e+00 2.985000e+00 2.990000e+00 0.000000e+00
2.990000e+00 2.995000e+00 3.000000e+00 0.000000e+00
3.000000e+00 3.005000e+00 3.010000e+00 0.000000e+00
3.010000e+00 3.015000e+00 3.020000e+00 0.000000e+00
3.020000e+00 3.025000e+00 3.030000e+00 0.000000e+00
3.030000e+00 3.035000e+00 3.040000e+00 0.000000e+00
3.040000e+00 3.045000e+00 3.050000e+00 0.000000e+00
3.050000e+00 3.055000e+00 3.060000e+00 0.000000e+00
3.060000e+00 3.065000e+00 3.070000e+00 0.000000e+00
3.070000e+00 3.075000e+00 3.080000e+00 0.000000e+00
3.080000e+00 3.084900e+00 3.090000e+00 0.000000e+00
3.090000e+00 3.094900e+00 3.100000e+00 0.000000e+00
3.100000e+00 3.104900e+00 3.110000e+00 0.000000e+00
3.110000e+00 3.114900e+00 3.120000e+00 0.000000e+00
3.120000e+00 3.124900e+00 3.130000e+00 0.000000e+00
3.130000e+00 3.135000e+00 3.140000e+00 0.000000e+00
3.140000e+00 3.145000e+00 3.150000e+00 0.000000e+00
3.150000e+00 3.155000e+00 3.160000e+00 0.000000e+00
3.160000e+00 3.165000e+00 3.170000e+00 0.000000e+00
3.170000e+00 3.175000e+00 3.180000e+00 0.000000e+00
3.180000e+00 3.185000e+00 3.190000e+00 0.000000e+00
3.190000e+00 3.195000e+00 3.200000e+00 0.000000e+00
3.200000e+00 3.205000e+00 3.210000e+00 0.000000e+00
3.210000e+00 3.215000e+00 3.220000e+00 0.000000e+00
3.220000e+00 3.225000e+00 3.230000e+00 0.000000e+00
3.230000e+00 3.235000e+00 3.240000e+00 0.000000e+00
3.240000e+00 3.245000e+00 3.250000e+00 0.000000e+00
3.250000e+00 3.255000e+00 3.260000e+00 0.000000e+00
3.260000e+00 3.265000e+00 3.270000e+00 0.000000e+00
3.270000e+00 3.274900e+00 3.280000e+00 0.000000e+00
3.280000e+00 3.284900e+00 3.290000e+00 0.000000e+00
3.290000e+00 3.294900e+00 3.300000e+00 0.000000e+00
3.300000e+00 3.304900e+00 3.310000e+00 0.000000e+00
3.310000e+00 3.314900e+00 3.320000e+00 0.000000e+00
3.320000e+00 3.324900e+00 3.330000e+00 0.000000e+00
3.330000e+00 3.334900e+00 3.340000e+00 0.000000e+00
3.340000e+00 3.344900e+00 3.350000e+00 0.000000e+00
3.350000e+00 3.354900e+00 3.360000e+00 0.000000e+00
3.360000e+00 3.364900e+00 3.370000e+00 0.000000e+00
3.370000e+00 3.374900e+00 3.380000e+00 0.000000e+00
3.380000e+00 3.384900e+00 3.390000e+00 0.000000e+00
3.390000e+00 3.394900e+00 3.400000e+00 0.000000e+00
3.400000e+00 3.404900e+00 3.410000e+00 0.000000e+00
3.410000e+00 3.414900e+00 3.420000e+00 0.000000e+00
3.420000e+00 3.424900e+00 3.430000e+00 0.000000e+00
3.430000e+00 3.434900e+00 3.440000e+00 0.000000e+00
3.440000e+00 3.444900e+00 3.450000e+00 0.000000e+00
3.450000e+00 3.454900e+00 3.460000e+00 0.000000e+00
3.460000e+00 3.464900e+00 3.470000e+00 0.000000e+00
3.470000e+00 3.474900e+00 3.480000e+00 0.000000e+00
3.480000e+00 3.484900e+00 3.490000e+00 0.000000e+00
3.490000e+00 3.494900e+00 3.500000e+00 0.000000e+00
3.500000e+00 3.504900e+00 3.510000e+00 0.000000e+00
3.510000e+00 3.514900e+00 3.520000e+00 0.000000e+00
3.520000e+00 3.524900e+00 3.530000e+00 0.000000e+00
3.530000e+00 3.534900e+00 3.540000e+00 0.000000e+00
3.540000e+00 3.544900e+00 3.550000e+00 0.000000e+00
3.550000e+00 3.554900e+00 3.560000e+00 0.000000e+00
3.560000e+00 3.564900e+00 3.570000e+00 0.000000e+00
3.570000e+00 3.574900e+00 3.580000e+00 0.000000e+00
3.580000e+00 3.584900e+00 3.590000e+00 0.000000e+00
3.590000e+00 3.594900e+00 3.600000e+00 0.000000e+00
3.600000e+00 3.604900e+00 3.610000e+00 0.000000e+00
3.610000e+00 3.614900e+00 3.620000e+00 0.000000e+00
3.620000e+00 3.624900e+00 3.630000e+00 0.000000e+00
3.630000e+00 3.634900e+00 3.640000e+00 0.000000e+00
3.640000e+00 3.644900e+00 3.650000e+00 0.000000e+00
3.650000e+00 3.654900e+00 3.660000e+00 0.000000e+00
3.660000e+00 3.664900e+00 3.670000e+00 0.000000e+00
3.670000e+00 3.674900e+00 3.680000e+00 0.000000e+00
3.680000e+00 3.684900e+00 3.690000e+00 0.000000e+00
3.690000e+00 3.694900e+00 3.700000e+00 0.000000e+00
3.700000e+00 3.704900e+00 3.710000e+00 0.000000e+00
3.710000e+00 3.714900e+00 3.720000e+00 0.000000e+00
3.720000e+00 3.724900e+00 3.730000e+00 0.000000e+00
3.730000e+00 3.734900e+00 3.740000e+00 0.000000e+00
3.740000e+00 3.744900e+00 3.750000e+00 0.000000e+00
3.750000e+00 3.754900e+00 3.760000e+00 0.000000e+00
3.760000e+00 3.764900e+00 3.770000e+00 0.000000e+00
3.770000e+00 3.774900e+00 3.780000e+00 0.000000e+00
3.780000e+00 3.784900e+00 3.790000e+00 0.000000e+00
3.790000e+00 3.794900e+00 3.800000e+00 0.000000e+00
3.800000e+00 3.804900e+00 3.810000e+00 0.000000e+00
3.810000e+00 3.814900e+00 3.820000e+00 0.000000e+00
3.820000e+00 3.824900e+00 3.830000e+00 0.000000e+00
3.830000e+00 3.834900e+00 3.840000e+00 0.000000e+00
3.840000e+00 3.844900e+00 3.850000e+00 0.000000e+00
3.850000e+00 3.854900e+00 3.860000e+00 0.000000e+00
3.860000e+00 3.864900e+00 3.870000e+00 0.000000e+00
3.870000e+00 3.874900e+00 3.880000e+00 0.000000e+00
3.880000e+00 3.884900e+00 3.890000e+00 0.000000e+00
3.890000e+00 3.894900e+00 3.900000e+00 0.000000e+00
3.900000e+00 3.904900e+00 3.910000e+00 0.000000e+00
3.910000e+00 3.914900e+00 3.920000e+00 0.000000e+00
3.920000e+00 3.924900e+00 3.930000e+00 0.000000e+00
3.930000e+00 3.934900e+00 3.940000e+00 0.000000e+00
3.940000e+00 3.944900e+00 3.950000e+00 0.000000e+00
3.950000e+00 3.954900e+00 3.960000e+00 0.000000e+00
3.960000e+00 3.964900e+00 3.970000e+00 0.000000e+00
3.970000e+00 3.974900e+00 3.980000e+00 0.000000e+00
3.980000e+00 3.984900e+00 3.990000e+00 0.000000e+00
3.990000e+00 3.994900e+00 4.000000e+00 0.000000e+00
4.000000e+00 4.004900e+00 4.010000e+00 0.000000e+00
4.010000e+00 4.014900e+00 4.020000e+00 0.000000e+00
4.020000e+00 4.024900e+00 4.030000e+00 0.000000e+00
4.030000e+00 4.034900e+00 4.040000e+00 0.000000e+00
4.040000e+00 4.044900e+00 4.050000e+00 0.000000e+00
4.050000e+00 4.054900e+00 4.060000e+00 0.000000e+00
4.060000e+00 4.064900e+00 4.070000e+00 0.000000e+00
4.070000e+00 4.074900e+00 4.080000e+00 0.000000e+00
4.080000e+00 4.084900e+00 4.090000e+00 0.000000e+00
4.090000e+00 4.094900e+00 4.100000e+00 0.000000e+00
4.100000e+00 4.104900e+00 4.110000e+00 0.000000e+00
4.110000e+00 4.114900e+00 4.120000e+00 0.000000e+00
4.120000e+00 4.124900e+00 4.130000e+00 0.000000e+00
4.130000e+00 4.134900e+00 4.140000e+00 0.000000e+00
4.140000e+00 4.144900e+00 4.150000e+00 0.000000e+00
4.150000e+00 4.154900e+00 4.160000e+00 0.000000e+00
4.160000e+00 4.164900e+00 4.170000e+00 0.000000e+00
4.170000e+00 4.174900e+00 4.180000e+00 0.000000e+00
4.180000e+00 4.184900e+00 4.190000e+00 0.000000e+00
4.190000e+00 4.194900e+00 4.200000e+00 0.000000e+00
4.200000e+00 4.204900e+00 4.210000e+00 0.000000e+00
4.210000e+00 4.214900e+00 4.220000e+00 0.000000e+00
4.220000e+00 4.224900e+00 4.230000e+00 0.000000e+00
4.230000e+00 4.234900e+00 4.240000e+00 0.000000e+00
4.240000e+00 4.244900e+00 4.250000e+00 0.000000e+00
4.250000e+00 4.254900e+00 4.260000e+00 0.000000e+00
4.260000e+00 4.264900e+00 4.270000e+00 0.000000e+00
4.270000e+00 4.274900e+00 4.280000e+00 0.000000e+00
4.280000e+00 4.284900e+00 4.290000e+00 0.000000e+00
4.290000e+00 4.294900e+00 4.300000e+00 0.000000e+00
4.300000e+00 4.304900e+00 4.310000e+00 0.000000e+00
4.310000e+00 4.314900e+00 4.320000e+00 0.000000e+00
4.320000e+00 4.324900e+00 4.330000e+00 0.000000e+00
4.330000e+00 4.334900e+00 4.340000e+00 0.000000e+00
4.340000e+00 4.344900e+00 4.350000e+00 0.000000e+00
4.350000e+00 4.354900e+00 4.360000e+00 0.000000e+00
4.360000e+00 4.364900e+00 4.370000e+00 0.000000e+00
4.370000e+00 4.374900e+00 4.380000e+00 0.000000e+00
4.380000e+00 4.384900e+00 4.390000e+00 0.000000e+00
4.390000e+00 4.394900e+00 4.400000e+00 0.000000e+00
4.400000e+00 4.404900e+00 4.410000e+00 0.000000e+00
4.410000e+00 4.414900e+00 4.420000e+00 0.000000e+00
4.420000e+00 4.424900e+00 4.430000e+00 0.000000e+00
4.430000e+00 4.434900e+00 4.440000e+00 0.000000e+00
4.440000e+00 4.444900e+00 4.450000e+00 0.000000e+00
4.450000e+00 4.454900e+00 4.460000e+00 0.000000e+00
4.460000e+00 4.464900e+00 4.470000e+00 0.000000e+00
4.470000e+00 4.474900e+00 4.480000e+00 0.000000e+00
4.480000e+00 4.484900e+00 4.490000e+00 0.000000e+00
4.490000e+00 4.494900e+00 4.500000e+00 0.000000e+00
4.500000e+00 4.504900e+00 4.510000e+00 0.000000e+00
4.510000e+00 4.514900e+00 4.520000e+00 0.000000e+00
4.520000e+00 4.524900e+00 4.530000e+00 0.000000e+00
4.530000e+00 4.534900e+00 4.540000e+00 0.000000e+00
4.540000e+00 4.544900e+00 4.550000e+00 0.000000e+00
4.550000e+00 4.554900e+00 4.560000e+00 0.000000e+00
4.560000e+00 4.564900e+00 4.570000e+00 0.000000e+00
4.570000e+00 4.574900e+00 4.580000e+00 0.000000e+00
4.580000e+00 4.584900e+00 4.590000e+00 0.000000e+00
4.590000e+00 4.594900e+00 4.600000e+00 0.000000e+00
4.600000e+00 4.604900e+00 4.610000e+00 0.000000e+00
4.610000e+00 4.614900e+00 4.620000e+00 0.000000e+00
4.620000e+00 4.624900e+00 4.630000e+00 0.000000e+00
4.630000e+00 4.634900e+00 4.640000e+00 0.000000e+00
4.640000e+00 4.644900e+00 4.650000e+00 0.000000e+00
4.650000e+00 4.654900e+00 4.660000e+00 0.000000e+00
4.660000e+00 4.664900e+00 4.670000e+00 0.000000e+00
4.670000e+00 4.674900e+00 4.680000e+00 0.000000e+00
4.680000e+00 4.684900e+00 4.690000e+00 0.000000e+00
4.690000e+00 4.694900e+00 4.700000e+00 0.000000e+00
4.700000e+00 4.704900e+00 4.710000e+00 0.000000e+00
4.710000e+00 4.714900e+00 4.720000e+00 0.000000e+00
4.720000e+00 4.724900e+00 4.730000e+00 0.000000e+00
4.730000e+00 4.734900e+00 4.740000e+00 0.000000e+00
4.740000e+00 4.744900e+00 4.750000e+00 0.000000e+00
4.750000e+00 4.754900e+00 4.760000e+00 0.000000e+00
4.760000e+00 4.764900e+00 4.770000e+00 0.000000e+00
4.770000e+00 4.774900e+00 4.780000e+00 0.000000e+00
4.780000e+00 4.784900e+00 4.790000e+00 0.000000e+00
4.790000e+00 4.794900e+00 4.800000e+00 0.000000e+00
4.800000e+00 4.804900e+00 4.810000e+00 0.000000e+00
4.810000e+00 4.814900e+00 4.820000e+00 0.000000e+00
4.820000e+00 4.824900e+00 4.830000e+00 0.000000e+00
4.830000e+00 4.834900e+00 4.840000e+00 0.000000e+00
4.840000e+00 4.844900e+00 4.850000e+00 0.000000e+00
4.850000e+00 4.854900e+00 4.860000e+00 0.000000e+00
4.860000e+00 4.864900e+00 4.870000e+00 0.000000e+00
4.870000e+00 4.874900e+00 4.880000e+00 0.000000e+00
4.880000e+00 4.884900e+00 4.890000e+00 0.000000e+00
4.890000e+00 4.894900e+00 4.900000e+00 0.000000e+00
4.900000e+00 4.904900e+00 4.910000e+00 0.000000e+00
4.910000e+00 4.914900e+00 4.920000e+00 0.000000e+00
4.920000e+00 4.924900e+00 4.930000e+00 0.000000e+00
4.930000e+00 4.934900e+00 4.940000e+00 0.000000e+00
4.940000e+00 4.944900e+00 4.950000e+00 0.000000e+00
4.950000e+00 4.954900e+00 4.960000e+00 0.000000e+00
4.960000e+00 4.964900e+00 4.970000e+00 0.000000e+00
4.970000e+00 4.974900e+00 4.980000e+00 0.000000e+00
4.980000e+00 4.984900e+00 4.990000e+00 0.000000e+00
4.990000e+00 4.994900e+00 5.000000e+00 0.000000e+00
5.000000e+00 5.004900e+00 5.010000e+00 0.000000e+00
5.010000e+00 5.014900e+00 5.020000e+00 0.000000e+00
5.020000e+00 5.024900e+00 5.030000e+00 0.000000e+00
5.030000e+00 5.034900e+00 5.040000e+00 0.000000e+00
5.040000e+00 5.044900e+00 5.050000e+00 0.000000e+00
5.050000e+00 5.054900e+00 5.060000e+00 0.000000e+00
5.060000e+00 5.064900e+00 5.070000e+00 0.000000e+00
5.070000e+00 5.074900e+00 5.080000e+00 0.000000e+00
5.080000e+00 5.084900e+00 5.090000e+00 0.000000e+00
5.090000e+00 5.094900e+00 5.100000e+00 0.000000e+00
5.100000e+00 5.104900e+00 5.110000e+00 0.000000e+00
5.110000e+00 5.114900e+00 5.120000e+00 0.000000e+00
5.120000e+00 5.124900e+00 5.130000e+00 0.000000e+00
5.130000e+00 5.134900e+00 5.140000e+00 0.000000e+00
5.140000e+00 5.144900e+00 5.150000e+00 0.000000e+00
5.150000e+00 5.154900e+00 5.160000e+00 0.000000e+00
5.160000e+00 5.164900e+00 5.170000e+00 0.000000e+00
5.170000e+00 5.174900e+00 5.180000e+00 0.000000e+00
5.180000e+00 5.184900e+00 5.190000e+00 0.000000e+00
5.190000e+00 5.194900e+00 5.200000e+00 0.000000e+00
5.200000e+00 5.204900e+00 5.210000e+00 0.000000e+00
5.210000e+00 5.214900e+00 5.220000e+00 0.000000e+00
5.220000e+00 5.224900e+00 5.230000e+00 0.000000e+00
5.230000e+00 5.234900e+00 5.240000e+00 0.000000e+00
5.240000e+00 5.244900e+00 5.250000e+00 0.000000e+00
5.250000e+00 5.254900e+00 5.260000e+00 0.000000e+00
5.260000e+00 5.264900e+00 5.270000e+00 0.000000e+00
5.270000e+00 5.274900e+00 5.280000e+00 0.000000e+00
5.280000e+00 5.284900e+00 5.290000e+00 0.000000e+00
5.290000e+00 5.294900e+00 5.300000e+00 0.000000e+00
5.300000e+00 5.304900e+00 5.310000e+00 0.000000e+00
5.310000e+00 5.314900e+00 5.320000e+00 0.000000e+00
5.320000e+00 5.324900e+00 5.330000e+00 0.000000e+00
5.330000e+00 5.334900e+00 5.340000e+00 0.000000e+00
5.340000e+00 5.344900e+00 5.350000e+00 0.000000e+00
5.350000e+00 5.354900e+00 5.360000e+00 0.000000e+00
5.360000e+00 5.364900e+00 5.370000e+00 0.000000e+00
5.370000e+00 5.374900e+00 5.380000e+00 0.000000e+00
5.380000e+00 5.384900e+00 5.390000e+00 0.000000e+00
5.390000e+00 5.394900e+00 5.400000e+00 0.000000e+00
5.400000e+00 5.404900e+00 5.410000e+00 0.000000e+00
5.410000e+00 5.414900e+00 5.420000e+00 0.000000e+00
5.420000e+00 5.424900e+00 5.430000e+00 0.000000e+00
5.430000e+00 5.434900e+00 5.440000e+00 0.000000e+00
5.440000e+00 5.444900e+00 5.450000e+00 0.000000e+00
5.450000e+00 5.454900e+00 5.460000e+00 0.000000e+00
5.460000e+00 5.464900e+00 5.470000e+00 0.000000e+00
5.470000e+00 5.474900e+00 5.480000e+00 0.000000e+00
5.480000e+00 5.484900e+00 5.490000e+00 0.000000e+00
5.490000e+00 5.494900e+00 5.500000e+00 0.000000e+00
5.500000e+00 5.504900e+00 5.510000e+00 0.000000e+00
5.510000e+00 5.514900e+00 5.520000e+00 0.000000e+00
5.520000e+00 5.524900e+00 5.530000e+00 0.000000e+00
5.530000e+00 5.534900e+00 5.540000e+00 0.000000e+00
5.540000e+00 5.544900e+00 5.550000e+00 0.000000e+00
5.550000e+00 5.554900e+00 5.560000e+00 0.000000e+00
5.560000e+00 5.564900e+00 5.570000e+00 0.000000e+00
5.570000e+00 5.574900e+00 5.580000e+00 0.000000e+00
5.580000e+00 5.584900e+00 5.590000e+00 0.000000e+00
5.590000e+00 5.594900e+00 5.600000e+00 0.000000e+00
5.600000e+00 5.604900e+00 5.610000e+00 0.000000e+00
5.610000e+00 5.614900e+00 5.620000e+00 0.000000e+00
5.620000e+00 5.624900e+00 5.630000e+00 0.000000e+00
5.630000e+00 5.634900e+00 5.640000e+00 0.000000e+00
5.640000e+00 5.644900e+00 5.650000e+00 0.000000e+00
5.650000e+00 5.654900e+00 5.660000e+00 0.000000e+00
5.660000e+00 5.664900e+00 5.670000e+00 0.000000e+00
5.670000e+00 5.674900e+00 5.680000e+00 0.000000e+00
5.680000e+00 5.684900e+00 5.690000e+00 0.000000e+00
5.690000e+00 5.694900e+00 5.700000e+00 0.000000e+00
5.700000e+00 5.704900e+00 5.710000e+00 0.000000e+00
5.710000e+00 5.714900e+00 5.720000e+00 0.000000e+00
5.720000e+00 5.724900e+00 5.730000e+00 0.000000e+00
5.730000e+00 5.734900e+00 5.740000e+00 0.000000e+00
5.740000e+00 5.744900e+00 5.750000e+00 0.000000e+00
5.750000e+00 5.754900e+00 5.760000e+00 0.000000e+00
5.760000e+00 5.764900e+00 5.770000e+00 0.000000e+00
5.770000e+00 5.774900e+00 5.780000e+00 0.000000e+00
5.780000e+00 5.784900e+00 5.790000e+00 0.000000e+00
5.790000e+00 5.794900e+00 5.800000e+00 0.000000e+00
5.800000e+00 5.804900e+00 5.810000e+00 0.000000e+00
5.810000e+00 5.814900e+00 5.820000e+00 0.000000e+00
5.820000e+00 5.824900e+00 5.830000e+00 0.000000e+00
5.830000e+00 5.834900e+00 5.840000e+00 0.000000e+00
5.840000e+00 5.844900e+00 5.850000e+00 0.000000e+00
5.850000e+00 5.854900e+00 5.860000e+00 0.000000e+00
5.860000e+00 5.864900e+00 5.870000e+00 0.000000e+00
5.870000e+00 5.874900e+00 5.880000e+00 0.000000e+00
5.880000e+00 5.884900e+00 5.890000e+00 0.000000e+00
5.890000e+00 5.894900e+00 5.900000e+00 0.000000e+00
5.900000e+00 5.904900e+00 5.910000e+00 0.000000e+00
5.910000e+00 5.914900e+00 5.920000e+00 0.000000e+00
5.920000e+00 5.924900e+00 5.930000e+00 0.000000e+00
5.930000e+00 5.934900e+00 5.940000e+00 0.000000e+00
5.940000e+00 5.944900e+00 5.950000e+00 0.000000e+00
5.950000e+00 5.954900e+00 5.960000e+00 0.000000e+00
5.960000e+00 5.964900e+00 5.970000e+00 0.000000e+00
5.970000e+00 5.974900e+00 5.980000e+00 0.000000e+00
5.980000e+00 5.984900e+00 5.990000e+00 0.000000e+00
