1.411557e-05 1.309413e-02 2.617414e-02 7.880000e+02
2.617414e-02 3.925416e-02 5.233417e-02 3.058000e+03
5.233417e-02 6.541419e-02 7.849421e-02 3.558000e+03
7.849421e-02 9.157422e-02 1.046542e-01 6.840000e+03
1.046542e-01 1.177342e-01 1.308143e-01 6.300000e+03
1.308143e-01 1.438943e-01 1.569743e-01 8.776000e+03
1.569743e-01 1.700543e-01 1.831343e-01 8.075000e+03
1.831343e-01 1.962143e-01 2.092943e-01 8.887000e+03
2.092943e-01 2.223744e-01 2.354544e-01 7.847000e+03
2.354544e-01 2.485344e-01 2.616144e-01 6.925000e+03
2.616144e-01 2.746944e-01 2.877744e-01 5.223000e+03
2.877744e-01 3.008544e-01 3.139345e-01 3.968000e+03
3.139345e-01 3.270145e-01 3.400945e-01 2.723000e+03
3.400945e-01 3.531745e-01 3.662545e-01 1.778000e+03
3.662545e-01 3.793345e-01 3.924145e-01 9.930000e+02
3.924145e-01 4.054946e-01 4.185746e-01 6.190000e+02
4.185746e-01 4.316546e-01 4.447346e-01 3.550000e+02
4.447346e-01 4.578146e-01 4.708946e-01 1.980000e+02
4.708946e-01 4.839746e-01 4.970547e-01 1.150000e+02
4.970547e-01 5.101347e-01 5.232147e-01 1.100000e+01
