0.000000e+00 6.670000e-03 1.333000e-02 4.504304e-03
1.333000e-02 2.000000e-02 2.667000e-02 5.821951e-03
2.667000e-02 3.333000e-02 4.000000e-02 8.091452e-03
4.000000e-02 4.667000e-02 5.333000e-02 4.514742e-02
5.333000e-02 6.000000e-02 6.667000e-02 9.366506e-02
6.667000e-02 7.333000e-02 8.000000e-02 1.402682e-01
8.000000e-02 8.667000e-02 9.333000e-02 1.848115e-01
9.333000e-02 1.000000e-01 1.066700e-01 2.280251e-01
1.066700e-01 1.133300e-01 1.200000e-01 2.690231e-01
1.200000e-01 1.266700e-01 1.333300e-01 3.083575e-01
1.333300e-01 1.400000e-01 1.466700e-01 3.458980e-01
1.466700e-01 1.533300e-01 1.600000e-01 3.816662e-01
1.600000e-01 1.666700e-01 1.733300e-01 4.157897e-01
1.733300e-01 1.800000e-01 1.866700e-01 4.481443e-01
1.866700e-01 1.933300e-01 2.000000e-01 4.789210e-01
2.000000e-01 2.066700e-01 2.133300e-01 5.084694e-01
2.133300e-01 2.200000e-01 2.266700e-01 5.363264e-01
2.266700e-01 2.333300e-01 2.400000e-01 5.623146e-01
2.400000e-01 2.466700e-01 2.533300e-01 5.869957e-01
2.533300e-01 2.600000e-01 2.666700e-01 6.103517e-01
2.666700e-01 2.733300e-01 2.800000e-01 6.324270e-01
2.800000e-01 2.866700e-01 2.933300e-01 6.528632e-01
2.933300e-01 3.000000e-01 3.066700e-01 6.721375e-01
3.066700e-01 3.133300e-01 3.200000e-01 6.898353e-01
3.200000e-01 3.266700e-01 3.333300e-01 7.063624e-01
3.333300e-01 3.400000e-01 3.466700e-01 7.217154e-01
3.466700e-01 3.533300e-01 3.600000e-01 7.355301e-01
3.600000e-01 3.666700e-01 3.733300e-01 7.484285e-01
3.733300e-01 3.800000e-01 3.866700e-01 7.600822e-01
3.866700e-01 3.933300e-01 4.000000e-01 7.706033e-01
4.000000e-01 4.066700e-01 4.133300e-01 7.799881e-01
4.133300e-01 4.200000e-01 4.266700e-01 7.881425e-01
4.266700e-01 4.333300e-01 4.400000e-01 7.954219e-01
4.400000e-01 4.466700e-01 4.533300e-01 8.017852e-01
4.533300e-01 4.600000e-01 4.666700e-01 8.069482e-01
4.666700e-01 4.733300e-01 4.800000e-01 8.114816e-01
4.800000e-01 4.866700e-01 4.933300e-01 8.147746e-01
4.933300e-01 5.000000e-01 5.066700e-01 8.173536e-01
5.066700e-01 5.133300e-01 5.200000e-01 8.192989e-01
5.200000e-01 5.266700e-01 5.333300e-01 8.199578e-01
5.333300e-01 5.400000e-01 5.466700e-01 8.199513e-01
5.466700e-01 5.533300e-01 5.600000e-01 8.192920e-01
5.600000e-01 5.666700e-01 5.733300e-01 8.183345e-01
5.733300e-01 5.800000e-01 5.866700e-01 8.160509e-01
5.866700e-01 5.933300e-01 6.000000e-01 8.134133e-01
6.000000e-01 6.066700e-01 6.133300e-01 8.105308e-01
6.133300e-01 6.200000e-01 6.266700e-01 8.065771e-01
6.266700e-01 6.333300e-01 6.400000e-01 8.021813e-01
6.400000e-01 6.466700e-01 6.533300e-01 7.974699e-01
6.533300e-01 6.600000e-01 6.666700e-01 7.921999e-01
6.666700e-01 6.733300e-01 6.800000e-01 7.865097e-01
6.800000e-01 6.866700e-01 6.933300e-01 7.805797e-01
6.933300e-01 7.000000e-01 7.066700e-01 7.744199e-01
7.066700e-01 7.133300e-01 7.200000e-01 7.674344e-01
7.200000e-01 7.266700e-01 7.333300e-01 7.606906e-01
7.333300e-01 7.400000e-01 7.466700e-01 7.534422e-01
7.466700e-01 7.533300e-01 7.600000e-01 7.458255e-01
7.600000e-01 7.666700e-01 7.733300e-01 7.384199e-01
7.733300e-01 7.800000e-01 7.866700e-01 7.305142e-01
7.866700e-01 7.933300e-01 8.000000e-01 7.226039e-01
8.000000e-01 8.066700e-01 8.133300e-01 7.146965e-01
8.133300e-01 8.200000e-01 8.266700e-01 7.067937e-01
8.266700e-01 8.333300e-01 8.400000e-01 6.985646e-01
8.400000e-01 8.466700e-01 8.533300e-01 6.904769e-01
8.533300e-01 8.600000e-01 8.666700e-01 6.820694e-01
8.666700e-01 8.733300e-01 8.800000e-01 6.738681e-01
8.800000e-01 8.866700e-01 8.933300e-01 6.657529e-01
8.933300e-01 9.000000e-01 9.066700e-01 6.573461e-01
9.066700e-01 9.133300e-01 9.200000e-01 6.491708e-01
9.200000e-01 9.266700e-01 9.333300e-01 6.410286e-01
9.333300e-01 9.400000e-01 9.466700e-01 6.330441e-01
9.466700e-01 9.533300e-01 9.600000e-01 6.247121e-01
9.600000e-01 9.666700e-01 9.733300e-01 6.168083e-01
9.733300e-01 9.800000e-01 9.866700e-01 6.094025e-01
9.866700e-01 9.933300e-01 1.000000e+00 6.014911e-01
1.000000e+00 1.006670e+00 1.013330e+00 5.939602e-01
1.013330e+00 1.020000e+00 1.026670e+00 5.867121e-01
1.026670e+00 1.033330e+00 1.040000e+00 5.794621e-01
1.040000e+00 1.046670e+00 1.053330e+00 5.725625e-01
1.053330e+00 1.060000e+00 1.066670e+00 5.659769e-01
1.066670e+00 1.073330e+00 1.080000e+00 5.593825e-01
1.080000e+00 1.086670e+00 1.093330e+00 5.531191e-01
1.093330e+00 1.100000e+00 1.106670e+00 5.471899e-01
1.106670e+00 1.113330e+00 1.120000e+00 5.412559e-01
1.120000e+00 1.126670e+00 1.133330e+00 5.356263e-01
1.133330e+00 1.140000e+00 1.146670e+00 5.298978e-01
1.146670e+00 1.153330e+00 1.160000e+00 5.244667e-01
1.160000e+00 1.166670e+00 1.173330e+00 5.188098e-01
1.173330e+00 1.180000e+00 1.186670e+00 5.135409e-01
1.186670e+00 1.193330e+00 1.200000e+00 5.082657e-01
1.200000e+00 1.206670e+00 1.213330e+00 5.027473e-01
1.213330e+00 1.220000e+00 1.226670e+00 4.972251e-01
1.226670e+00 1.233330e+00 1.240000e+00 4.914497e-01
1.240000e+00 1.246670e+00 1.253330e+00 4.859575e-01
1.253330e+00 1.260000e+00 1.266670e+00 4.800270e-01
1.266670e+00 1.273330e+00 1.280000e+00 4.740955e-01
1.280000e+00 1.286670e+00 1.293330e+00 4.679668e-01
1.293330e+00 1.300000e+00 1.306670e+00 4.613800e-01
1.306670e+00 1.313330e+00 1.320000e+00 4.547867e-01
1.320000e+00 1.326670e+00 1.333330e+00 4.480254e-01
1.333330e+00 1.340000e+00 1.346670e+00 4.407797e-01
1.346670e+00 1.353330e+00 1.360000e+00 4.330356e-01
1.360000e+00 1.366670e+00 1.373330e+00 4.249849e-01
1.373330e+00 1.380000e+00 1.386670e+00 4.164187e-01
1.386670e+00 1.393330e+00 1.400000e+00 4.078505e-01
1.400000e+00 1.406670e+00 1.413330e+00 3.986612e-01
1.413330e+00 1.420000e+00 1.426670e+00 3.894390e-01
1.426670e+00 1.433330e+00 1.440000e+00 3.797691e-01
1.440000e+00 1.446670e+00 1.453330e+00 3.703865e-01
1.453330e+00 1.460000e+00 1.466670e+00 3.602509e-01
1.466670e+00 1.473330e+00 1.480000e+00 3.501149e-01
1.480000e+00 1.486670e+00 1.493330e+00 3.401638e-01
1.493330e+00 1.500000e+00 1.506670e+00 3.298518e-01
1.506670e+00 1.513330e+00 1.520000e+00 3.195749e-01
1.520000e+00 1.526670e+00 1.533330e+00 3.095813e-01
1.533330e+00 1.540000e+00 1.546670e+00 2.994935e-01
1.546670e+00 1.553330e+00 1.560000e+00 2.893108e-01
1.560000e+00 1.566670e+00 1.573330e+00 2.799274e-01
1.573330e+00 1.580000e+00 1.586670e+00 2.702294e-01
1.586670e+00 1.593330e+00 1.600000e+00 2.609973e-01
1.600000e+00 1.606670e+00 1.613330e+00 2.517773e-01
1.613330e+00 1.620000e+00 1.626670e+00 2.432085e-01
1.626670e+00 1.633330e+00 1.640000e+00 2.346389e-01
1.640000e+00 1.646670e+00 1.653330e+00 2.265473e-01
1.653330e+00 1.660000e+00 1.666670e+00 2.192725e-01
1.666670e+00 1.673330e+00 1.680000e+00 2.123112e-01
1.680000e+00 1.686670e+00 1.693330e+00 2.057218e-01
1.693330e+00 1.700000e+00 1.706670e+00 1.997421e-01
1.706670e+00 1.713330e+00 1.720000e+00 1.940716e-01
1.720000e+00 1.726670e+00 1.733330e+00 1.892252e-01
1.733330e+00 1.740000e+00 1.746670e+00 1.846131e-01
1.746670e+00 1.753330e+00 1.760000e+00 1.802376e-01
1.760000e+00 1.766670e+00 1.773330e+00 1.762852e-01
1.773330e+00 1.780000e+00 1.786670e+00 1.723872e-01
1.786670e+00 1.793330e+00 1.800000e+00 1.690917e-01
1.800000e+00 1.806670e+00 1.813330e+00 1.657970e-01
1.813330e+00 1.820000e+00 1.826670e+00 1.630349e-01
1.826670e+00 1.833330e+00 1.840000e+00 1.603972e-01
1.840000e+00 1.846670e+00 1.853330e+00 1.577624e-01
1.853330e+00 1.860000e+00 1.866670e+00 1.551272e-01
1.866670e+00 1.873330e+00 1.880000e+00 1.526540e-01
1.880000e+00 1.886670e+00 1.893330e+00 1.503556e-01
1.893330e+00 1.900000e+00 1.906670e+00 1.482006e-01
1.906670e+00 1.913330e+00 1.920000e+00 1.457230e-01
1.920000e+00 1.926670e+00 1.933330e+00 1.434488e-01
1.933330e+00 1.940000e+00 1.946670e+00 1.408144e-01
1.946670e+00 1.953330e+00 1.960000e+00 1.386773e-01
1.960000e+00 1.966670e+00 1.973330e+00 1.360423e-01
1.973330e+00 1.980000e+00 1.986670e+00 1.329768e-01
1.986670e+00 1.993330e+00 2.000000e+00 1.301804e-01
2.000000e+00 2.006670e+00 2.013330e+00 1.271343e-01
2.013330e+00 2.020000e+00 2.026670e+00 1.240930e-01
2.026670e+00 2.033330e+00 2.040000e+00 1.202972e-01
2.040000e+00 2.046670e+00 2.053330e+00 1.170025e-01
2.053330e+00 2.060000e+00 2.066670e+00 1.133289e-01
2.066670e+00 2.073330e+00 2.080000e+00 1.098733e-01
2.080000e+00 2.086670e+00 2.093330e+00 1.059206e-01
2.093330e+00 2.100000e+00 2.106670e+00 1.023235e-01
2.106670e+00 2.113330e+00 2.120000e+00 9.851220e-02
2.120000e+00 2.126670e+00 2.133330e+00 9.456074e-02
2.133330e+00 2.140000e+00 2.146670e+00 9.060708e-02
2.146670e+00 2.153330e+00 2.160000e+00 8.665267e-02
2.160000e+00 2.166670e+00 2.173330e+00 8.284587e-02
2.173330e+00 2.180000e+00 2.186670e+00 7.924726e-02
2.186670e+00 2.193330e+00 2.200000e+00 7.529152e-02
2.200000e+00 2.206670e+00 2.213330e+00 7.183890e-02
2.213330e+00 2.220000e+00 2.226670e+00 6.816687e-02
2.226670e+00 2.233330e+00 2.240000e+00 6.443080e-02
2.240000e+00 2.246670e+00 2.253330e+00 6.107637e-02
2.253330e+00 2.260000e+00 2.266670e+00 5.778166e-02
2.266670e+00 2.273330e+00 2.280000e+00 5.448603e-02
2.280000e+00 2.286670e+00 2.293330e+00 5.176365e-02
2.293330e+00 2.300000e+00 2.306670e+00 4.889875e-02
2.306670e+00 2.313330e+00 2.320000e+00 4.599115e-02
2.320000e+00 2.326670e+00 2.333330e+00 4.385601e-02
2.333330e+00 2.340000e+00 2.346670e+00 4.122160e-02
2.346670e+00 2.353330e+00 2.360000e+00 3.894745e-02
2.360000e+00 2.366670e+00 2.373330e+00 3.697176e-02
2.373330e+00 2.380000e+00 2.386670e+00 3.499492e-02
2.386670e+00 2.393330e+00 2.400000e+00 3.301738e-02
2.400000e+00 2.406670e+00 2.413330e+00 3.104092e-02
2.413330e+00 2.420000e+00 2.426670e+00 2.956492e-02
2.426670e+00 2.433330e+00 2.440000e+00 2.790068e-02
2.440000e+00 2.446670e+00 2.453330e+00 2.658279e-02
2.453330e+00 2.460000e+00 2.466670e+00 2.526566e-02
2.466670e+00 2.473330e+00 2.480000e+00 2.394678e-02
2.480000e+00 2.486670e+00 2.493330e+00 2.262958e-02
2.493330e+00 2.500000e+00 2.506670e+00 2.181224e-02
2.506670e+00 2.513330e+00 2.520000e+00 2.049377e-02
2.520000e+00 2.526670e+00 2.533330e+00 1.959768e-02
2.533330e+00 2.540000e+00 2.546670e+00 1.885943e-02
2.546670e+00 2.553330e+00 2.560000e+00 1.777920e-02
2.560000e+00 2.566670e+00 2.573330e+00 1.712026e-02
2.573330e+00 2.580000e+00 2.586670e+00 1.596122e-02
2.586670e+00 2.593330e+00 2.600000e+00 1.530178e-02
2.600000e+00 2.606670e+00 2.613330e+00 1.464311e-02
2.613330e+00 2.620000e+00 2.626670e+00 1.398427e-02
2.626670e+00 2.633330e+00 2.640000e+00 1.332498e-02
2.640000e+00 2.646670e+00 2.653330e+00 1.266627e-02
2.653330e+00 2.660000e+00 2.666670e+00 1.200733e-02
2.666670e+00 2.673330e+00 2.680000e+00 1.134827e-02
2.680000e+00 2.686670e+00 2.693330e+00 1.101052e-02
2.693330e+00 2.700000e+00 2.706670e+00 1.053122e-02
2.706670e+00 2.713330e+00 2.720000e+00 9.871798e-03
2.720000e+00 2.726670e+00 2.733330e+00 9.213077e-03
2.733330e+00 2.740000e+00 2.746670e+00 9.008609e-03
2.746670e+00 2.753330e+00 2.760000e+00 8.395415e-03
2.760000e+00 2.766670e+00 2.773330e+00 7.736764e-03
2.773330e+00 2.780000e+00 2.786670e+00 7.507175e-03
2.786670e+00 2.793330e+00 2.800000e+00 6.919239e-03
2.800000e+00 2.806670e+00 2.813330e+00 6.506218e-03
2.813330e+00 2.820000e+00 2.826670e+00 6.102136e-03
2.826670e+00 2.833330e+00 2.840000e+00 5.505261e-03
2.840000e+00 2.846670e+00 2.853330e+00 5.284473e-03
2.853330e+00 2.860000e+00 2.866670e+00 4.625740e-03
2.866670e+00 2.873330e+00 2.880000e+00 4.466810e-03
2.880000e+00 2.886670e+00 2.893330e+00 4.003826e-03
2.893330e+00 2.900000e+00 2.906670e+00 3.649752e-03
2.906670e+00 2.913330e+00 2.920000e+00 3.002870e-03
2.920000e+00 2.926670e+00 2.933330e+00 2.832227e-03
2.933330e+00 2.940000e+00 2.946670e+00 2.173532e-03
2.946670e+00 2.953330e+00 2.960000e+00 1.514223e-03
2.960000e+00 2.966670e+00 2.973330e+00 1.355868e-03
2.973330e+00 2.980000e+00 2.986670e+00 6.971925e-04
2.986670e+00 2.993330e+00 3.000000e+00 5.004783e-04
3.000000e+00 3.006670e+00 3.013330e+00 5.004783e-04
3.013330e+00 3.020000e+00 3.026670e+00 5.004783e-04
3.026670e+00 3.033330e+00 3.040000e+00 5.004783e-04
3.040000e+00 3.046670e+00 3.053330e+00 5.004783e-04
3.053330e+00 3.060000e+00 3.066670e+00 5.004783e-04
3.066670e+00 3.073330e+00 3.080000e+00 5.004783e-04
3.080000e+00 3.086670e+00 3.093330e+00 5.004783e-04
3.093330e+00 3.100000e+00 3.106670e+00 5.004783e-04
3.106670e+00 3.113330e+00 3.120000e+00 5.004783e-04
3.120000e+00 3.126670e+00 3.133330e+00 5.004783e-04
3.133330e+00 3.140000e+00 3.146670e+00 5.004783e-04
3.146670e+00 3.153330e+00 3.160000e+00 5.004783e-04
3.160000e+00 3.166670e+00 3.173330e+00 5.004783e-04
3.173330e+00 3.180000e+00 3.186670e+00 5.004783e-04
3.186670e+00 3.193330e+00 3.200000e+00 5.004783e-04
3.200000e+00 3.206670e+00 3.213330e+00 5.004783e-04
3.213330e+00 3.220000e+00 3.226670e+00 5.004783e-04
3.226670e+00 3.233330e+00 3.240000e+00 5.004783e-04
3.240000e+00 3.246670e+00 3.253330e+00 5.004783e-04
3.253330e+00 3.260000e+00 3.266670e+00 5.004783e-04
3.266670e+00 3.273330e+00 3.280000e+00 5.004783e-04
3.280000e+00 3.286670e+00 3.293330e+00 5.004783e-04
3.293330e+00 3.300000e+00 3.306670e+00 5.004783e-04
3.306670e+00 3.313330e+00 3.320000e+00 5.004783e-04
3.320000e+00 3.326670e+00 3.333330e+00 5.004783e-04
3.333330e+00 3.340000e+00 3.346670e+00 5.004783e-04
3.346670e+00 3.353330e+00 3.360000e+00 5.004783e-04
3.360000e+00 3.366670e+00 3.373330e+00 5.004783e-04
3.373330e+00 3.380000e+00 3.386670e+00 5.004783e-04
3.386670e+00 3.393330e+00 3.400000e+00 5.004783e-04
3.400000e+00 3.406670e+00 3.413330e+00 5.004783e-04
3.413330e+00 3.420000e+00 3.426670e+00 5.004783e-04
3.426670e+00 3.433330e+00 3.440000e+00 5.004783e-04
3.440000e+00 3.446670e+00 3.453330e+00 5.004783e-04
3.453330e+00 3.460000e+00 3.466670e+00 5.004783e-04
3.466670e+00 3.473330e+00 3.480000e+00 5.004783e-04
3.480000e+00 3.486670e+00 3.493330e+00 5.004783e-04
3.493330e+00 3.500000e+00 3.506670e+00 5.004783e-04
3.506670e+00 3.513330e+00 3.520000e+00 5.004783e-04
3.520000e+00 3.526670e+00 3.533330e+00 5.004783e-04
3.533330e+00 3.540000e+00 3.546670e+00 5.004783e-04
3.546670e+00 3.553330e+00 3.560000e+00 5.004783e-04
3.560000e+00 3.566670e+00 3.573330e+00 5.004783e-04
3.573330e+00 3.580000e+00 3.586670e+00 5.004783e-04
3.586670e+00 3.593330e+00 3.600000e+00 5.004783e-04
3.600000e+00 3.606670e+00 3.613330e+00 5.004783e-04
3.613330e+00 3.620000e+00 3.626670e+00 5.004783e-04
3.626670e+00 3.633330e+00 3.640000e+00 5.004783e-04
3.640000e+00 3.646670e+00 3.653330e+00 5.004783e-04
3.653330e+00 3.660000e+00 3.666670e+00 5.004783e-04
3.666670e+00 3.673330e+00 3.680000e+00 5.004783e-04
3.680000e+00 3.686670e+00 3.693330e+00 5.004783e-04
3.693330e+00 3.700000e+00 3.706670e+00 5.004783e-04
3.706670e+00 3.713330e+00 3.720000e+00 5.004783e-04
3.720000e+00 3.726670e+00 3.733330e+00 5.004783e-04
3.733330e+00 3.740000e+00 3.746670e+00 5.004783e-04
3.746670e+00 3.753330e+00 3.760000e+00 5.004783e-04
3.760000e+00 3.766670e+00 3.773330e+00 5.004783e-04
3.773330e+00 3.780000e+00 3.786670e+00 5.004783e-04
3.786670e+00 3.793330e+00 3.800000e+00 5.004783e-04
3.800000e+00 3.806670e+00 3.813330e+00 5.004783e-04
3.813330e+00 3.820000e+00 3.826670e+00 5.004783e-04
3.826670e+00 3.833330e+00 3.840000e+00 5.004783e-04
3.840000e+00 3.846670e+00 3.853330e+00 5.004783e-04
3.853330e+00 3.860000e+00 3.866670e+00 5.004783e-04
3.866670e+00 3.873330e+00 3.880000e+00 5.004783e-04
3.880000e+00 3.886670e+00 3.893330e+00 5.004783e-04
3.893330e+00 3.900000e+00 3.906670e+00 5.004783e-04
3.906670e+00 3.913330e+00 3.920000e+00 5.004783e-04
3.920000e+00 3.926670e+00 3.933330e+00 5.004783e-04
3.933330e+00 3.940000e+00 3.946670e+00 5.004783e-04
3.946670e+00 3.953330e+00 3.960000e+00 5.004783e-04
3.960000e+00 3.966670e+00 3.973330e+00 5.004783e-04
3.973330e+00 3.980000e+00 3.986670e+00 5.004783e-04
3.986670e+00 3.993330e+00 4.000000e+00 5.004783e-04
