0.000000e+00 5.000000e-04 1.000000e-03 2.809100e+01
1.000000e-03 1.500000e-03 2.000000e-03 2.525900e+02
2.000000e-03 2.500000e-03 3.000000e-03 6.883530e+02
3.000000e-03 3.500000e-03 4.000000e-03 1.201776e+03
4.000000e-03 4.500000e-03 5.000000e-03 1.710233e+03
5.000000e-03 5.500000e-03 6.000000e-03 2.258035e+03
6.000000e-03 6.500000e-03 7.000000e-03 2.845939e+03
7.000000e-03 7.500000e-03 8.000000e-03 3.454279e+03
8.000000e-03 8.500000e-03 9.000000e-03 4.090690e+03
9.000000e-03 9.500000e-03 1.000000e-02 4.757259e+03
1.000000e-02 1.050000e-02 1.100000e-02 5.429926e+03
1.100000e-02 1.150000e-02 1.200000e-02 6.119416e+03
1.200000e-02 1.250000e-02 1.300000e-02 6.828956e+03
1.300000e-02 1.350000e-02 1.400000e-02 7.539194e+03
1.400000e-02 1.450000e-02 1.500000e-02 8.266430e+03
1.500000e-02 1.550000e-02 1.600000e-02 8.994617e+03
1.600000e-02 1.650000e-02 1.700000e-02 9.715075e+03
1.700000e-02 1.750000e-02 1.800000e-02 1.046250e+04
1.800000e-02 1.850000e-02 1.900000e-02 1.120465e+04
1.900000e-02 1.950000e-02 2.000000e-02 1.196990e+04
2.000000e-02 2.050000e-02 2.100000e-02 1.270072e+04
2.100000e-02 2.150000e-02 2.200000e-02 1.346445e+04
2.200000e-02 2.250000e-02 2.300000e-02 1.421659e+04
2.300000e-02 2.350000e-02 2.400000e-02 1.495546e+04
2.400000e-02 2.450000e-02 2.500000e-02 0.000000e+00
2.500000e-02 2.550000e-02 2.600000e-02 0.000000e+00
2.600000e-02 2.650000e-02 2.700000e-02 0.000000e+00
2.700000e-02 2.750000e-02 2.800000e-02 0.000000e+00
2.800000e-02 2.850000e-02 2.900000e-02 0.000000e+00
2.900000e-02 2.950000e-02 3.000000e-02 0.000000e+00
3.000000e-02 3.050000e-02 3.100000e-02 0.000000e+00
3.100000e-02 3.150000e-02 3.200000e-02 0.000000e+00
3.200000e-02 3.250000e-02 3.300000e-02 0.000000e+00
3.300000e-02 3.350000e-02 3.400000e-02 2.232649e+04
3.400000e-02 3.450000e-02 3.500000e-02 2.309413e+04
3.500000e-02 3.550000e-02 3.600000e-02 2.375177e+04
3.600000e-02 3.650000e-02 3.700000e-02 2.450162e+04
3.700000e-02 3.750000e-02 3.800000e-02 2.513006e+04
3.800000e-02 3.850000e-02 3.900000e-02 2.584672e+04
3.900000e-02 3.950000e-02 4.000000e-02 2.656365e+04
4.000000e-02 4.050000e-02 4.100000e-02 2.715640e+04
4.100000e-02 4.150000e-02 4.200000e-02 2.782975e+04
4.200000e-02 4.250000e-02 4.300000e-02 2.849617e+04
4.300000e-02 4.350000e-02 4.400000e-02 2.916076e+04
4.400000e-02 4.450000e-02 4.500000e-02 2.979576e+04
4.500000e-02 4.550000e-02 4.600000e-02 3.042505e+04
4.600000e-02 4.650000e-02 4.700000e-02 3.104942e+04
4.700000e-02 4.750000e-02 4.800000e-02 3.164628e+04
4.800000e-02 4.850000e-02 4.900000e-02 3.234923e+04
4.900000e-02 4.950000e-02 5.000000e-02 3.292532e+04
5.000000e-02 5.050000e-02 5.100000e-02 3.351543e+04
5.100000e-02 5.150000e-02 5.200000e-02 3.406400e+04
5.200000e-02 5.250000e-02 5.300000e-02 3.458266e+04
5.300000e-02 5.350000e-02 5.400000e-02 3.522579e+04
5.400000e-02 5.450000e-02 5.500000e-02 3.576115e+04
5.500000e-02 5.550000e-02 5.600000e-02 3.637826e+04
5.600000e-02 5.650000e-02 5.700000e-02 3.684642e+04
5.700000e-02 5.750000e-02 5.800000e-02 3.732846e+04
5.800000e-02 5.850000e-02 5.900000e-02 3.789714e+04
5.900000e-02 5.950000e-02 6.000000e-02 3.836661e+04
6.000000e-02 6.050000e-02 6.100000e-02 3.890992e+04
6.100000e-02 6.150000e-02 6.200000e-02 3.934520e+04
6.200000e-02 6.250000e-02 6.300000e-02 3.985850e+04
6.300000e-02 6.350000e-02 6.400000e-02 4.042834e+04
6.400000e-02 6.450000e-02 6.500000e-02 4.077299e+04
6.500000e-02 6.550000e-02 6.600000e-02 4.129160e+04
6.600000e-02 6.650000e-02 6.700000e-02 4.163697e+04
6.700000e-02 6.750000e-02 6.800000e-02 4.209216e+04
6.800000e-02 6.850000e-02 6.900000e-02 4.258676e+04
6.900000e-02 6.950000e-02 7.000000e-02 4.307326e+04
7.000000e-02 7.050000e-02 7.100000e-02 4.330687e+04
7.100000e-02 7.150000e-02 7.200000e-02 4.376761e+04
7.200000e-02 7.250000e-02 7.300000e-02 4.422728e+04
7.300000e-02 7.350000e-02 7.400000e-02 4.463628e+04
7.400000e-02 7.450000e-02 7.500000e-02 4.479959e+04
7.500000e-02 7.550000e-02 7.600000e-02 4.523246e+04
7.600000e-02 7.650000e-02 7.700000e-02 4.562331e+04
7.700000e-02 7.750000e-02 7.800000e-02 4.578749e+04
7.800000e-02 7.850000e-02 7.900000e-02 4.611426e+04
7.900000e-02 7.950000e-02 8.000000e-02 4.644599e+04
8.000000e-02 8.050000e-02 8.100000e-02 4.679254e+04
8.100000e-02 8.150000e-02 8.200000e-02 4.690262e+04
8.200000e-02 8.250000e-02 8.300000e-02 4.719741e+04
8.300000e-02 8.350000e-02 8.400000e-02 4.752731e+04
8.400000e-02 8.450000e-02 8.500000e-02 4.781090e+04
8.500000e-02 8.550000e-02 8.600000e-02 4.783614e+04
8.600000e-02 8.650000e-02 8.700000e-02 4.810230e+04
8.700000e-02 8.750000e-02 8.800000e-02 4.833995e+04
8.800000e-02 8.850000e-02 8.900000e-02 0.000000e+00
8.900000e-02 8.950000e-02 9.000000e-02 0.000000e+00
9.000000e-02 9.050000e-02 9.100000e-02 0.000000e+00
9.100000e-02 9.150000e-02 9.200000e-02 0.000000e+00
9.200000e-02 9.250000e-02 9.300000e-02 0.000000e+00
9.300000e-02 9.350000e-02 9.400000e-02 0.000000e+00
9.400000e-02 9.450000e-02 9.500000e-02 0.000000e+00
9.500000e-02 9.550000e-02 9.600000e-02 0.000000e+00
9.600000e-02 9.650000e-02 9.700000e-02 0.000000e+00
9.700000e-02 9.750000e-02 9.800000e-02 0.000000e+00
9.800000e-02 9.850000e-02 9.900000e-02 0.000000e+00
9.900000e-02 9.950000e-02 1.000000e-01 0.000000e+00
1.000000e-01 1.005000e-01 1.010000e-01 0.000000e+00
1.010000e-01 1.015000e-01 1.020000e-01 0.000000e+00
1.020000e-01 1.025000e-01 1.030000e-01 0.000000e+00
1.030000e-01 1.035000e-01 1.040000e-01 0.000000e+00
1.040000e-01 1.045000e-01 1.050000e-01 0.000000e+00
1.050000e-01 1.055000e-01 1.060000e-01 0.000000e+00
1.060000e-01 1.065000e-01 1.070000e-01 0.000000e+00
1.070000e-01 1.075000e-01 1.080000e-01 0.000000e+00
1.080000e-01 1.085000e-01 1.090000e-01 0.000000e+00
1.090000e-01 1.095000e-01 1.100000e-01 0.000000e+00
1.100000e-01 1.105000e-01 1.110000e-01 0.000000e+00
1.110000e-01 1.115000e-01 1.120000e-01 0.000000e+00
1.120000e-01 1.125000e-01 1.130000e-01 0.000000e+00
1.130000e-01 1.135000e-01 1.140000e-01 0.000000e+00
1.140000e-01 1.145000e-01 1.150000e-01 0.000000e+00
1.150000e-01 1.155000e-01 1.160000e-01 0.000000e+00
1.160000e-01 1.165000e-01 1.170000e-01 0.000000e+00
1.170000e-01 1.175000e-01 1.180000e-01 0.000000e+00
1.180000e-01 1.185000e-01 1.190000e-01 0.000000e+00
1.190000e-01 1.195000e-01 1.200000e-01 0.000000e+00
1.200000e-01 1.205000e-01 1.210000e-01 0.000000e+00
1.210000e-01 1.215000e-01 1.220000e-01 0.000000e+00
1.220000e-01 1.225000e-01 1.230000e-01 0.000000e+00
1.230000e-01 1.235000e-01 1.240000e-01 0.000000e+00
1.240000e-01 1.245000e-01 1.250000e-01 0.000000e+00
1.250000e-01 1.255000e-01 1.260000e-01 0.000000e+00
1.260000e-01 1.265000e-01 1.270000e-01 0.000000e+00
1.270000e-01 1.275000e-01 1.280000e-01 4.975386e+04
1.280000e-01 1.285000e-01 1.290000e-01 4.960315e+04
1.290000e-01 1.295000e-01 1.300000e-01 4.935209e+04
1.300000e-01 1.305000e-01 1.310000e-01 4.953348e+04
1.310000e-01 1.315000e-01 1.320000e-01 4.936509e+04
1.320000e-01 1.325000e-01 1.330000e-01 4.914404e+04
1.330000e-01 1.335000e-01 1.340000e-01 4.887485e+04
1.340000e-01 1.345000e-01 1.350000e-01 4.903207e+04
1.350000e-01 1.355000e-01 1.360000e-01 4.883198e+04
1.360000e-01 1.365000e-01 1.370000e-01 4.851957e+04
1.370000e-01 1.375000e-01 1.380000e-01 0.000000e+00
1.380000e-01 1.385000e-01 1.390000e-01 0.000000e+00
1.390000e-01 1.395000e-01 1.400000e-01 0.000000e+00
1.400000e-01 1.405000e-01 1.410000e-01 0.000000e+00
1.410000e-01 1.415000e-01 1.420000e-01 0.000000e+00
1.420000e-01 1.425000e-01 1.430000e-01 0.000000e+00
1.430000e-01 1.435000e-01 1.440000e-01 0.000000e+00
1.440000e-01 1.445000e-01 1.450000e-01 4.709843e+04
1.450000e-01 1.455000e-01 1.460000e-01 4.714831e+04
1.460000e-01 1.465000e-01 1.470000e-01 4.678645e+04
1.470000e-01 1.475000e-01 1.480000e-01 4.653994e+04
1.480000e-01 1.485000e-01 1.490000e-01 0.000000e+00
1.490000e-01 1.495000e-01 1.500000e-01 0.000000e+00
1.500000e-01 1.505000e-01 1.510000e-01 0.000000e+00
1.510000e-01 1.515000e-01 1.520000e-01 0.000000e+00
1.520000e-01 1.525000e-01 1.530000e-01 0.000000e+00
1.530000e-01 1.535000e-01 1.540000e-01 0.000000e+00
1.540000e-01 1.545000e-01 1.550000e-01 0.000000e+00
1.550000e-01 1.555000e-01 1.560000e-01 0.000000e+00
1.560000e-01 1.565000e-01 1.570000e-01 0.000000e+00
1.570000e-01 1.575000e-01 1.580000e-01 0.000000e+00
1.580000e-01 1.585000e-01 1.590000e-01 0.000000e+00
1.590000e-01 1.595000e-01 1.600000e-01 0.000000e+00
1.600000e-01 1.605000e-01 1.610000e-01 0.000000e+00
1.610000e-01 1.615000e-01 1.620000e-01 0.000000e+00
1.620000e-01 1.625000e-01 1.630000e-01 0.000000e+00
1.630000e-01 1.635000e-01 1.640000e-01 0.000000e+00
1.640000e-01 1.645000e-01 1.650000e-01 0.000000e+00
1.650000e-01 1.655000e-01 1.660000e-01 0.000000e+00
1.660000e-01 1.665000e-01 1.670000e-01 0.000000e+00
1.670000e-01 1.675000e-01 1.680000e-01 0.000000e+00
1.680000e-01 1.685000e-01 1.690000e-01 0.000000e+00
1.690000e-01 1.695000e-01 1.700000e-01 0.000000e+00
1.700000e-01 1.705000e-01 1.710000e-01 0.000000e+00
1.710000e-01 1.715000e-01 1.720000e-01 0.000000e+00
1.720000e-01 1.725000e-01 1.730000e-01 0.000000e+00
1.730000e-01 1.735000e-01 1.740000e-01 0.000000e+00
1.740000e-01 1.745000e-01 1.750000e-01 0.000000e+00
1.750000e-01 1.755000e-01 1.760000e-01 0.000000e+00
1.760000e-01 1.765000e-01 1.770000e-01 0.000000e+00
1.770000e-01 1.775000e-01 1.780000e-01 0.000000e+00
1.780000e-01 1.785000e-01 1.790000e-01 0.000000e+00
1.790000e-01 1.795000e-01 1.800000e-01 0.000000e+00
1.800000e-01 1.805000e-01 1.810000e-01 0.000000e+00
1.810000e-01 1.815000e-01 1.820000e-01 0.000000e+00
1.820000e-01 1.825000e-01 1.830000e-01 0.000000e+00
1.830000e-01 1.835000e-01 1.840000e-01 0.000000e+00
1.840000e-01 1.845000e-01 1.850000e-01 0.000000e+00
1.850000e-01 1.855000e-01 1.860000e-01 0.000000e+00
1.860000e-01 1.865000e-01 1.870000e-01 0.000000e+00
1.870000e-01 1.875000e-01 1.880000e-01 0.000000e+00
1.880000e-01 1.885000e-01 1.890000e-01 0.000000e+00
1.890000e-01 1.895000e-01 1.900000e-01 0.000000e+00
1.900000e-01 1.905000e-01 1.910000e-01 0.000000e+00
1.910000e-01 1.915000e-01 1.920000e-01 0.000000e+00
1.920000e-01 1.925000e-01 1.930000e-01 0.000000e+00
1.930000e-01 1.935000e-01 1.940000e-01 0.000000e+00
1.940000e-01 1.945000e-01 1.950000e-01 0.000000e+00
1.950000e-01 1.955000e-01 1.960000e-01 0.000000e+00
1.960000e-01 1.965000e-01 1.970000e-01 0.000000e+00
1.970000e-01 1.975000e-01 1.980000e-01 0.000000e+00
1.980000e-01 1.985000e-01 1.990000e-01 0.000000e+00
1.990000e-01 1.995000e-01 2.000000e-01 0.000000e+00
2.000000e-01 2.005000e-01 2.010000e-01 0.000000e+00
2.010000e-01 2.015000e-01 2.020000e-01 0.000000e+00
2.020000e-01 2.025000e-01 2.030000e-01 0.000000e+00
2.030000e-01 2.035000e-01 2.040000e-01 0.000000e+00
2.040000e-01 2.045000e-01 2.050000e-01 0.000000e+00
2.050000e-01 2.055000e-01 2.060000e-01 0.000000e+00
2.060000e-01 2.065000e-01 2.070000e-01 0.000000e+00
2.070000e-01 2.075000e-01 2.080000e-01 0.000000e+00
2.080000e-01 2.085000e-01 2.090000e-01 0.000000e+00
2.090000e-01 2.095000e-01 2.100000e-01 0.000000e+00
2.100000e-01 2.105000e-01 2.110000e-01 0.000000e+00
2.110000e-01 2.115000e-01 2.120000e-01 0.000000e+00
2.120000e-01 2.125000e-01 2.130000e-01 0.000000e+00
2.130000e-01 2.135000e-01 2.140000e-01 0.000000e+00
2.140000e-01 2.145000e-01 2.150000e-01 0.000000e+00
2.150000e-01 2.155000e-01 2.160000e-01 0.000000e+00
2.160000e-01 2.165000e-01 2.170000e-01 0.000000e+00
2.170000e-01 2.175000e-01 2.180000e-01 0.000000e+00
2.180000e-01 2.185000e-01 2.190000e-01 2.786830e+04
2.190000e-01 2.195000e-01 2.200000e-01 2.725719e+04
2.200000e-01 2.205000e-01 2.210000e-01 2.726822e+04
2.210000e-01 2.215000e-01 2.220000e-01 2.667214e+04
2.220000e-01 2.225000e-01 2.230000e-01 2.663673e+04
2.230000e-01 2.235000e-01 2.240000e-01 2.612754e+04
2.240000e-01 2.245000e-01 2.250000e-01 2.605644e+04
2.250000e-01 2.255000e-01 2.260000e-01 2.554524e+04
2.260000e-01 2.265000e-01 2.270000e-01 2.545171e+04
2.270000e-01 2.275000e-01 2.280000e-01 2.544849e+04
2.280000e-01 2.285000e-01 2.290000e-01 2.484015e+04
2.290000e-01 2.295000e-01 2.300000e-01 2.480989e+04
2.300000e-01 2.305000e-01 2.310000e-01 2.430029e+04
2.310000e-01 2.315000e-01 2.320000e-01 2.423934e+04
2.320000e-01 2.325000e-01 2.330000e-01 2.372689e+04
2.330000e-01 2.335000e-01 2.340000e-01 2.362743e+04
2.340000e-01 2.345000e-01 2.350000e-01 2.362432e+04
2.350000e-01 2.355000e-01 2.360000e-01 2.303705e+04
2.360000e-01 2.365000e-01 2.370000e-01 2.299100e+04
2.370000e-01 2.375000e-01 2.380000e-01 2.251130e+04
2.380000e-01 2.385000e-01 2.390000e-01 2.240132e+04
2.390000e-01 2.395000e-01 2.400000e-01 2.192391e+04
2.400000e-01 2.405000e-01 2.410000e-01 2.181479e+04
2.410000e-01 2.415000e-01 2.420000e-01 2.179187e+04
2.420000e-01 2.425000e-01 2.430000e-01 2.128572e+04
2.430000e-01 2.435000e-01 2.440000e-01 2.121439e+04
2.440000e-01 2.445000e-01 2.450000e-01 2.072731e+04
2.450000e-01 2.455000e-01 2.460000e-01 2.061548e+04
2.460000e-01 2.465000e-01 2.470000e-01 2.060612e+04
2.470000e-01 2.475000e-01 2.480000e-01 2.007728e+04
2.480000e-01 2.485000e-01 2.490000e-01 2.003005e+04
2.490000e-01 2.495000e-01 2.500000e-01 1.954734e+04
2.500000e-01 2.505000e-01 2.510000e-01 1.944274e+04
2.510000e-01 2.515000e-01 2.520000e-01 1.895803e+04
2.520000e-01 2.525000e-01 2.530000e-01 1.893607e+04
2.530000e-01 2.535000e-01 2.540000e-01 1.884963e+04
2.540000e-01 2.545000e-01 2.550000e-01 1.838768e+04
2.550000e-01 2.555000e-01 2.560000e-01 1.829135e+04
2.560000e-01 2.565000e-01 2.570000e-01 1.825944e+04
2.570000e-01 2.575000e-01 2.580000e-01 1.780799e+04
2.580000e-01 2.585000e-01 2.590000e-01 1.771215e+04
2.590000e-01 2.595000e-01 2.600000e-01 1.724588e+04
2.600000e-01 2.605000e-01 2.610000e-01 1.716804e+04
2.610000e-01 2.615000e-01 2.620000e-01 1.713740e+04
2.620000e-01 2.625000e-01 2.630000e-01 1.668012e+04
2.630000e-01 2.635000e-01 2.640000e-01 1.658229e+04
2.640000e-01 2.645000e-01 2.650000e-01 1.612326e+04
2.650000e-01 2.655000e-01 2.660000e-01 1.609878e+04
2.660000e-01 2.665000e-01 2.670000e-01 1.603013e+04
2.670000e-01 2.675000e-01 2.680000e-01 1.557251e+04
2.680000e-01 2.685000e-01 2.690000e-01 1.550825e+04
2.690000e-01 2.695000e-01 2.700000e-01 1.547459e+04
2.700000e-01 2.705000e-01 2.710000e-01 1.503572e+04
2.710000e-01 2.715000e-01 2.720000e-01 1.494264e+04
2.720000e-01 2.725000e-01 2.730000e-01 1.449686e+04
2.730000e-01 2.735000e-01 2.740000e-01 1.449876e+04
2.740000e-01 2.745000e-01 2.750000e-01 1.440646e+04
2.750000e-01 2.755000e-01 2.760000e-01 1.398185e+04
2.760000e-01 2.765000e-01 2.770000e-01 1.393001e+04
2.770000e-01 2.775000e-01 2.780000e-01 1.387871e+04
2.780000e-01 2.785000e-01 2.790000e-01 1.346011e+04
2.790000e-01 2.795000e-01 2.800000e-01 1.339188e+04
2.800000e-01 2.805000e-01 2.810000e-01 1.337188e+04
2.810000e-01 2.815000e-01 2.820000e-01 1.295459e+04
2.820000e-01 2.825000e-01 2.830000e-01 1.287557e+04
2.830000e-01 2.835000e-01 2.840000e-01 1.284354e+04
2.840000e-01 2.845000e-01 2.850000e-01 1.245132e+04
2.850000e-01 2.855000e-01 2.860000e-01 1.236905e+04
2.860000e-01 2.865000e-01 2.870000e-01 1.195988e+04
2.870000e-01 2.875000e-01 2.880000e-01 1.196292e+04
2.880000e-01 2.885000e-01 2.890000e-01 1.189059e+04
2.890000e-01 2.895000e-01 2.900000e-01 1.148537e+04
2.900000e-01 2.905000e-01 2.910000e-01 1.147590e+04
2.910000e-01 2.915000e-01 2.920000e-01 1.140057e+04
2.920000e-01 2.925000e-01 2.930000e-01 1.101665e+04
2.930000e-01 2.935000e-01 2.940000e-01 1.099005e+04
2.940000e-01 2.945000e-01 2.950000e-01 1.093715e+04
2.950000e-01 2.955000e-01 2.960000e-01 1.055791e+04
2.960000e-01 2.965000e-01 2.970000e-01 1.052655e+04
2.970000e-01 2.975000e-01 2.980000e-01 1.047553e+04
2.980000e-01 2.985000e-01 2.990000e-01 1.010985e+04
2.990000e-01 2.995000e-01 3.000000e-01 1.006440e+04
3.000000e-01 3.005000e-01 3.010000e-01 1.002879e+04
3.010000e-01 3.015000e-01 3.020000e-01 9.667627e+03
3.020000e-01 3.025000e-01 3.030000e-01 9.625921e+03
3.030000e-01 3.035000e-01 3.040000e-01 9.590964e+03
3.040000e-01 3.045000e-01 3.050000e-01 9.240377e+03
3.050000e-01 3.055000e-01 3.060000e-01 9.210239e+03
3.060000e-01 3.065000e-01 3.070000e-01 9.162471e+03
3.070000e-01 3.075000e-01 3.080000e-01 8.819788e+03
3.080000e-01 3.085000e-01 3.090000e-01 8.796450e+03
3.090000e-01 3.095000e-01 3.100000e-01 8.748999e+03
3.100000e-01 3.105000e-01 3.110000e-01 8.410791e+03
3.110000e-01 3.115000e-01 3.120000e-01 8.394898e+03
3.120000e-01 3.125000e-01 3.130000e-01 8.350083e+03
3.130000e-01 3.135000e-01 3.140000e-01 8.327270e+03
3.140000e-01 3.145000e-01 3.150000e-01 8.012857e+03
3.150000e-01 3.155000e-01 3.160000e-01 7.954736e+03
3.160000e-01 3.165000e-01 3.170000e-01 7.930217e+03
3.170000e-01 3.175000e-01 3.180000e-01 7.623680e+03
3.180000e-01 3.185000e-01 3.190000e-01 7.569101e+03
3.190000e-01 3.195000e-01 3.200000e-01 7.548571e+03
3.200000e-01 3.205000e-01 3.210000e-01 7.251197e+03
3.210000e-01 3.215000e-01 3.220000e-01 7.202280e+03
3.220000e-01 3.225000e-01 3.230000e-01 7.191855e+03
3.230000e-01 3.235000e-01 3.240000e-01 6.889080e+03
3.240000e-01 3.245000e-01 3.250000e-01 6.850998e+03
3.250000e-01 3.255000e-01 3.260000e-01 6.828810e+03
3.260000e-01 3.265000e-01 3.270000e-01 6.541638e+03
3.270000e-01 3.275000e-01 3.280000e-01 6.510322e+03
3.280000e-01 3.285000e-01 3.290000e-01 6.487662e+03
3.290000e-01 3.295000e-01 3.300000e-01 6.475099e+03
3.300000e-01 3.305000e-01 3.310000e-01 6.197617e+03
3.310000e-01 3.315000e-01 3.320000e-01 6.152437e+03
3.320000e-01 3.325000e-01 3.330000e-01 6.133720e+03
3.330000e-01 3.335000e-01 3.340000e-01 5.868486e+03
3.340000e-01 3.345000e-01 3.350000e-01 5.828836e+03
3.350000e-01 3.355000e-01 3.360000e-01 5.818528e+03
3.360000e-01 3.365000e-01 3.370000e-01 5.553066e+03
3.370000e-01 3.375000e-01 3.380000e-01 5.523939e+03
3.380000e-01 3.385000e-01 3.390000e-01 5.499196e+03
3.390000e-01 3.395000e-01 3.400000e-01 5.497020e+03
3.400000e-01 3.405000e-01 3.410000e-01 5.237998e+03
3.410000e-01 3.415000e-01 3.420000e-01 5.207853e+03
3.420000e-01 3.425000e-01 3.430000e-01 5.190625e+03
3.430000e-01 3.435000e-01 3.440000e-01 4.950293e+03
3.440000e-01 3.445000e-01 3.450000e-01 4.915485e+03
3.450000e-01 3.455000e-01 3.460000e-01 4.908685e+03
3.460000e-01 3.465000e-01 3.470000e-01 4.896808e+03
3.470000e-01 3.475000e-01 3.480000e-01 4.646352e+03
3.480000e-01 3.485000e-01 3.490000e-01 4.629799e+03
3.490000e-01 3.495000e-01 3.500000e-01 4.618883e+03
3.500000e-01 3.505000e-01 3.510000e-01 4.395507e+03
3.510000e-01 3.515000e-01 3.520000e-01 4.362533e+03
3.520000e-01 3.525000e-01 3.530000e-01 4.354665e+03
3.530000e-01 3.535000e-01 3.540000e-01 4.340944e+03
3.540000e-01 3.545000e-01 3.550000e-01 4.111189e+03
3.550000e-01 3.555000e-01 3.560000e-01 4.098445e+03
3.560000e-01 3.565000e-01 3.570000e-01 4.090903e+03
3.570000e-01 3.575000e-01 3.580000e-01 4.082640e+03
3.580000e-01 3.585000e-01 3.590000e-01 3.851421e+03
3.590000e-01 3.595000e-01 3.600000e-01 3.846575e+03
3.600000e-01 3.605000e-01 3.610000e-01 3.833735e+03
3.610000e-01 3.615000e-01 3.620000e-01 3.622126e+03
3.620000e-01 3.625000e-01 3.630000e-01 3.612947e+03
3.630000e-01 3.635000e-01 3.640000e-01 3.603539e+03
3.640000e-01 3.645000e-01 3.650000e-01 3.596265e+03
3.650000e-01 3.655000e-01 3.660000e-01 3.388194e+03
3.660000e-01 3.665000e-01 3.670000e-01 3.382434e+03
3.670000e-01 3.675000e-01 3.680000e-01 3.373343e+03
3.680000e-01 3.685000e-01 3.690000e-01 3.363306e+03
3.690000e-01 3.695000e-01 3.700000e-01 3.169550e+03
3.700000e-01 3.705000e-01 3.710000e-01 3.158073e+03
3.710000e-01 3.715000e-01 3.720000e-01 3.151775e+03
3.720000e-01 3.725000e-01 3.730000e-01 2.965347e+03
3.730000e-01 3.735000e-01 3.740000e-01 2.954592e+03
3.740000e-01 3.745000e-01 3.750000e-01 2.953105e+03
3.750000e-01 3.755000e-01 3.760000e-01 2.947228e+03
3.760000e-01 3.765000e-01 3.770000e-01 2.762386e+03
3.770000e-01 3.775000e-01 3.780000e-01 2.757957e+03
3.780000e-01 3.785000e-01 3.790000e-01 2.752965e+03
3.790000e-01 3.795000e-01 3.800000e-01 2.742199e+03
3.800000e-01 3.805000e-01 3.810000e-01 2.575977e+03
3.810000e-01 3.815000e-01 3.820000e-01 2.566022e+03
3.820000e-01 3.825000e-01 3.830000e-01 2.561256e+03
3.830000e-01 3.835000e-01 3.840000e-01 2.548810e+03
3.840000e-01 3.845000e-01 3.850000e-01 2.394815e+03
3.850000e-01 3.855000e-01 3.860000e-01 2.389345e+03
3.860000e-01 3.865000e-01 3.870000e-01 2.383679e+03
3.870000e-01 3.875000e-01 3.880000e-01 2.370201e+03
3.880000e-01 3.885000e-01 3.890000e-01 2.222703e+03
3.890000e-01 3.895000e-01 3.900000e-01 2.221477e+03
3.900000e-01 3.905000e-01 3.910000e-01 2.215655e+03
3.910000e-01 3.915000e-01 3.920000e-01 2.198815e+03
3.920000e-01 3.925000e-01 3.930000e-01 2.063025e+03
3.930000e-01 3.935000e-01 3.940000e-01 2.061411e+03
3.940000e-01 3.945000e-01 3.950000e-01 2.051401e+03
3.950000e-01 3.955000e-01 3.960000e-01 2.041032e+03
3.960000e-01 3.965000e-01 3.970000e-01 1.908594e+03
3.970000e-01 3.975000e-01 3.980000e-01 1.903706e+03
3.980000e-01 3.985000e-01 3.990000e-01 1.896168e+03
3.990000e-01 3.995000e-01 4.000000e-01 1.891729e+03
4.000000e-01 4.005000e-01 4.010000e-01 1.764918e+03
4.010000e-01 4.015000e-01 4.020000e-01 1.760914e+03
4.020000e-01 4.025000e-01 4.030000e-01 1.752180e+03
4.030000e-01 4.035000e-01 4.040000e-01 1.748043e+03
4.040000e-01 4.045000e-01 4.050000e-01 1.630351e+03
4.050000e-01 4.055000e-01 4.060000e-01 1.626761e+03
4.060000e-01 4.065000e-01 4.070000e-01 1.618803e+03
4.070000e-01 4.075000e-01 4.080000e-01 1.614977e+03
4.080000e-01 4.085000e-01 4.090000e-01 1.503383e+03
4.090000e-01 4.095000e-01 4.100000e-01 1.500261e+03
4.100000e-01 4.105000e-01 4.110000e-01 1.492996e+03
4.110000e-01 4.115000e-01 4.120000e-01 1.489467e+03
4.120000e-01 4.125000e-01 4.130000e-01 1.384264e+03
4.130000e-01 4.135000e-01 4.140000e-01 1.381274e+03
4.140000e-01 4.145000e-01 4.150000e-01 1.374547e+03
4.150000e-01 4.155000e-01 4.160000e-01 1.371302e+03
4.160000e-01 4.165000e-01 4.170000e-01 1.367553e+03
4.170000e-01 4.175000e-01 4.180000e-01 1.269535e+03
4.180000e-01 4.185000e-01 4.190000e-01 1.263233e+03
4.190000e-01 4.195000e-01 4.200000e-01 1.260256e+03
4.200000e-01 4.205000e-01 4.210000e-01 1.257054e+03
4.210000e-01 4.215000e-01 4.220000e-01 1.164712e+03
4.220000e-01 4.225000e-01 4.230000e-01 1.160173e+03
4.230000e-01 4.235000e-01 4.240000e-01 1.157827e+03
4.240000e-01 4.245000e-01 4.250000e-01 1.153325e+03
4.250000e-01 4.255000e-01 4.260000e-01 1.066946e+03
4.260000e-01 4.265000e-01 4.270000e-01 1.064966e+03
4.270000e-01 4.275000e-01 4.280000e-01 1.060357e+03
4.280000e-01 4.285000e-01 4.290000e-01 1.056851e+03
4.290000e-01 4.295000e-01 4.300000e-01 1.056562e+03
4.300000e-01 4.305000e-01 4.310000e-01 9.751490e+02
4.310000e-01 4.315000e-01 4.320000e-01 9.693090e+02
4.320000e-01 4.325000e-01 4.330000e-01 9.677670e+02
4.330000e-01 4.335000e-01 4.340000e-01 9.676750e+02
4.340000e-01 4.345000e-01 4.350000e-01 8.915310e+02
4.350000e-01 4.355000e-01 4.360000e-01 8.850870e+02
4.360000e-01 4.365000e-01 4.370000e-01 8.829370e+02
4.370000e-01 4.375000e-01 4.380000e-01 8.827710e+02
4.380000e-01 4.385000e-01 4.390000e-01 8.116930e+02
4.390000e-01 4.395000e-01 4.400000e-01 8.069840e+02
4.400000e-01 4.405000e-01 4.410000e-01 8.057390e+02
4.410000e-01 4.415000e-01 4.420000e-01 8.037620e+02
4.420000e-01 4.425000e-01 4.430000e-01 8.019830e+02
4.430000e-01 4.435000e-01 4.440000e-01 7.341160e+02
4.440000e-01 4.445000e-01 4.450000e-01 7.335610e+02
4.450000e-01 4.455000e-01 4.460000e-01 7.305250e+02
4.460000e-01 4.465000e-01 4.470000e-01 7.308170e+02
4.470000e-01 4.475000e-01 4.480000e-01 7.284430e+02
4.480000e-01 4.485000e-01 4.490000e-01 6.653290e+02
4.490000e-01 4.495000e-01 4.500000e-01 6.642680e+02
4.500000e-01 4.505000e-01 4.510000e-01 6.641320e+02
4.510000e-01 4.515000e-01 4.520000e-01 6.624120e+02
4.520000e-01 4.525000e-01 4.530000e-01 6.034820e+02
4.530000e-01 4.535000e-01 4.540000e-01 6.010350e+02
4.540000e-01 4.545000e-01 4.550000e-01 6.009950e+02
4.550000e-01 4.555000e-01 4.560000e-01 5.995240e+02
4.560000e-01 4.565000e-01 4.570000e-01 5.969310e+02
4.570000e-01 4.575000e-01 4.580000e-01 5.451530e+02
4.580000e-01 4.585000e-01 4.590000e-01 5.430910e+02
4.590000e-01 4.595000e-01 4.600000e-01 5.439980e+02
4.600000e-01 4.605000e-01 4.610000e-01 5.425730e+02
4.610000e-01 4.615000e-01 4.620000e-01 5.393190e+02
4.620000e-01 4.625000e-01 4.630000e-01 4.903780e+02
4.630000e-01 4.635000e-01 4.640000e-01 4.903830e+02
4.640000e-01 4.645000e-01 4.650000e-01 4.889960e+02
4.650000e-01 4.655000e-01 4.660000e-01 4.869960e+02
4.660000e-01 4.665000e-01 4.670000e-01 4.428660e+02
4.670000e-01 4.675000e-01 4.680000e-01 4.409260e+02
4.680000e-01 4.685000e-01 4.690000e-01 4.410580e+02
4.690000e-01 4.695000e-01 4.700000e-01 4.403080e+02
4.700000e-01 4.705000e-01 4.710000e-01 4.380510e+02
4.710000e-01 4.715000e-01 4.720000e-01 3.965490e+02
4.720000e-01 4.725000e-01 4.730000e-01 3.965550e+02
4.730000e-01 4.735000e-01 4.740000e-01 3.953930e+02
4.740000e-01 4.745000e-01 4.750000e-01 3.937620e+02
4.750000e-01 4.755000e-01 4.760000e-01 3.923480e+02
4.760000e-01 4.765000e-01 4.770000e-01 3.550960e+02
4.770000e-01 4.775000e-01 4.780000e-01 3.557110e+02
4.780000e-01 4.785000e-01 4.790000e-01 3.546770e+02
4.790000e-01 4.795000e-01 4.800000e-01 3.525850e+02
4.800000e-01 4.805000e-01 4.810000e-01 0.000000e+00
4.810000e-01 4.815000e-01 4.820000e-01 0.000000e+00
4.820000e-01 4.825000e-01 4.830000e-01 0.000000e+00
4.830000e-01 4.835000e-01 4.840000e-01 0.000000e+00
4.840000e-01 4.845000e-01 4.850000e-01 0.000000e+00
4.850000e-01 4.855000e-01 4.860000e-01 0.000000e+00
4.860000e-01 4.865000e-01 4.870000e-01 0.000000e+00
4.870000e-01 4.875000e-01 4.880000e-01 0.000000e+00
4.880000e-01 4.885000e-01 4.890000e-01 0.000000e+00
4.890000e-01 4.895000e-01 4.900000e-01 0.000000e+00
4.900000e-01 4.905000e-01 4.910000e-01 0.000000e+00
4.910000e-01 4.915000e-01 4.920000e-01 0.000000e+00
4.920000e-01 4.925000e-01 4.930000e-01 0.000000e+00
4.930000e-01 4.935000e-01 4.940000e-01 0.000000e+00
4.940000e-01 4.945000e-01 4.950000e-01 0.000000e+00
4.950000e-01 4.955000e-01 4.960000e-01 0.000000e+00
4.960000e-01 4.965000e-01 4.970000e-01 0.000000e+00
4.970000e-01 4.975000e-01 4.980000e-01 0.000000e+00
4.980000e-01 4.985000e-01 4.990000e-01 0.000000e+00
4.990000e-01 4.995000e-01 5.000000e-01 0.000000e+00
5.000000e-01 5.005000e-01 5.010000e-01 0.000000e+00
5.010000e-01 5.015000e-01 5.020000e-01 0.000000e+00
5.020000e-01 5.025000e-01 5.030000e-01 0.000000e+00
5.030000e-01 5.035000e-01 5.040000e-01 0.000000e+00
5.040000e-01 5.045000e-01 5.050000e-01 0.000000e+00
5.050000e-01 5.055000e-01 5.060000e-01 0.000000e+00
5.060000e-01 5.065000e-01 5.070000e-01 0.000000e+00
5.070000e-01 5.075000e-01 5.080000e-01 0.000000e+00
5.080000e-01 5.085000e-01 5.090000e-01 0.000000e+00
5.090000e-01 5.095000e-01 5.100000e-01 0.000000e+00
5.100000e-01 5.105000e-01 5.110000e-01 0.000000e+00
5.110000e-01 5.115000e-01 5.120000e-01 0.000000e+00
5.120000e-01 5.125000e-01 5.130000e-01 0.000000e+00
5.130000e-01 5.135000e-01 5.140000e-01 0.000000e+00
5.140000e-01 5.145000e-01 5.150000e-01 0.000000e+00
5.150000e-01 5.155000e-01 5.160000e-01 0.000000e+00
5.160000e-01 5.165000e-01 5.170000e-01 0.000000e+00
5.170000e-01 5.175000e-01 5.180000e-01 0.000000e+00
5.180000e-01 5.185000e-01 5.190000e-01 0.000000e+00
5.190000e-01 5.195000e-01 5.200000e-01 0.000000e+00
5.200000e-01 5.205000e-01 5.210000e-01 0.000000e+00
5.210000e-01 5.215000e-01 5.220000e-01 0.000000e+00
5.220000e-01 5.225000e-01 5.230000e-01 0.000000e+00
5.230000e-01 5.235000e-01 5.240000e-01 0.000000e+00
5.240000e-01 5.245000e-01 5.250000e-01 0.000000e+00
5.250000e-01 5.255000e-01 5.260000e-01 0.000000e+00
5.260000e-01 5.265000e-01 5.270000e-01 0.000000e+00
5.270000e-01 5.275000e-01 5.280000e-01 0.000000e+00
5.280000e-01 5.285000e-01 5.290000e-01 0.000000e+00
5.290000e-01 5.295000e-01 5.300000e-01 0.000000e+00
5.300000e-01 5.305000e-01 5.310000e-01 0.000000e+00
5.310000e-01 5.315000e-01 5.320000e-01 0.000000e+00
5.320000e-01 5.325000e-01 5.330000e-01 0.000000e+00
5.330000e-01 5.335000e-01 5.340000e-01 0.000000e+00
5.340000e-01 5.345000e-01 5.350000e-01 0.000000e+00
5.350000e-01 5.355000e-01 5.360000e-01 0.000000e+00
5.360000e-01 5.365000e-01 5.370000e-01 8.931700e+01
5.370000e-01 5.375000e-01 5.380000e-01 8.900700e+01
5.380000e-01 5.385000e-01 5.390000e-01 8.873700e+01
5.390000e-01 5.395000e-01 5.400000e-01 7.780000e+01
5.400000e-01 5.405000e-01 5.410000e-01 7.784000e+01
5.410000e-01 5.415000e-01 5.420000e-01 7.759100e+01
5.420000e-01 5.425000e-01 5.430000e-01 7.735400e+01
5.430000e-01 5.435000e-01 5.440000e-01 7.708700e+01
5.440000e-01 5.445000e-01 5.450000e-01 7.696600e+01
5.450000e-01 5.455000e-01 5.460000e-01 6.741600e+01
5.460000e-01 5.465000e-01 5.470000e-01 6.719700e+01
5.470000e-01 5.475000e-01 5.480000e-01 6.705200e+01
5.480000e-01 5.485000e-01 5.490000e-01 6.703400e+01
5.490000e-01 5.495000e-01 5.500000e-01 6.665200e+01
5.500000e-01 5.505000e-01 5.510000e-01 6.669400e+01
5.510000e-01 5.515000e-01 5.520000e-01 5.801400e+01
5.520000e-01 5.525000e-01 5.530000e-01 0.000000e+00
5.530000e-01 5.535000e-01 5.540000e-01 0.000000e+00
5.540000e-01 5.545000e-01 5.550000e-01 0.000000e+00
5.550000e-01 5.555000e-01 5.560000e-01 0.000000e+00
5.560000e-01 5.565000e-01 5.570000e-01 0.000000e+00
5.570000e-01 5.575000e-01 5.580000e-01 0.000000e+00
5.580000e-01 5.585000e-01 5.590000e-01 0.000000e+00
5.590000e-01 5.595000e-01 5.600000e-01 0.000000e+00
5.600000e-01 5.605000e-01 5.610000e-01 0.000000e+00
5.610000e-01 5.615000e-01 5.620000e-01 0.000000e+00
5.620000e-01 5.625000e-01 5.630000e-01 0.000000e+00
5.630000e-01 5.635000e-01 5.640000e-01 0.000000e+00
5.640000e-01 5.645000e-01 5.650000e-01 0.000000e+00
5.650000e-01 5.655000e-01 5.660000e-01 0.000000e+00
5.660000e-01 5.665000e-01 5.670000e-01 0.000000e+00
5.670000e-01 5.675000e-01 5.680000e-01 0.000000e+00
5.680000e-01 5.685000e-01 5.690000e-01 0.000000e+00
5.690000e-01 5.695000e-01 5.700000e-01 0.000000e+00
5.700000e-01 5.705000e-01 5.710000e-01 0.000000e+00
5.710000e-01 5.715000e-01 5.720000e-01 0.000000e+00
5.720000e-01 5.725000e-01 5.730000e-01 0.000000e+00
5.730000e-01 5.735000e-01 5.740000e-01 0.000000e+00
5.740000e-01 5.745000e-01 5.750000e-01 0.000000e+00
5.750000e-01 5.755000e-01 5.760000e-01 0.000000e+00
5.760000e-01 5.765000e-01 5.770000e-01 0.000000e+00
5.770000e-01 5.775000e-01 5.780000e-01 0.000000e+00
5.780000e-01 5.785000e-01 5.790000e-01 0.000000e+00
5.790000e-01 5.795000e-01 5.800000e-01 0.000000e+00
5.800000e-01 5.805000e-01 5.810000e-01 0.000000e+00
5.810000e-01 5.815000e-01 5.820000e-01 0.000000e+00
5.820000e-01 5.825000e-01 5.830000e-01 0.000000e+00
5.830000e-01 5.835000e-01 5.840000e-01 0.000000e+00
5.840000e-01 5.845000e-01 5.850000e-01 0.000000e+00
5.850000e-01 5.855000e-01 5.860000e-01 0.000000e+00
5.860000e-01 5.865000e-01 5.870000e-01 0.000000e+00
5.870000e-01 5.875000e-01 5.880000e-01 0.000000e+00
5.880000e-01 5.885000e-01 5.890000e-01 0.000000e+00
5.890000e-01 5.895000e-01 5.900000e-01 0.000000e+00
5.900000e-01 5.905000e-01 5.910000e-01 0.000000e+00
5.910000e-01 5.915000e-01 5.920000e-01 0.000000e+00
5.920000e-01 5.925000e-01 5.930000e-01 0.000000e+00
5.930000e-01 5.935000e-01 5.940000e-01 0.000000e+00
5.940000e-01 5.945000e-01 5.950000e-01 0.000000e+00
5.950000e-01 5.955000e-01 5.960000e-01 0.000000e+00
5.960000e-01 5.965000e-01 5.970000e-01 0.000000e+00
5.970000e-01 5.975000e-01 5.980000e-01 0.000000e+00
5.980000e-01 5.985000e-01 5.990000e-01 0.000000e+00
5.990000e-01 5.995000e-01 6.000000e-01 0.000000e+00
6.000000e-01 6.005000e-01 6.010000e-01 0.000000e+00
6.010000e-01 6.015000e-01 6.020000e-01 0.000000e+00
6.020000e-01 6.025000e-01 6.030000e-01 0.000000e+00
6.030000e-01 6.035000e-01 6.040000e-01 0.000000e+00
6.040000e-01 6.045000e-01 6.050000e-01 0.000000e+00
6.050000e-01 6.055000e-01 6.060000e-01 0.000000e+00
6.060000e-01 6.065000e-01 6.070000e-01 0.000000e+00
6.070000e-01 6.075000e-01 6.080000e-01 0.000000e+00
6.080000e-01 6.085000e-01 6.090000e-01 0.000000e+00
6.090000e-01 6.095000e-01 6.100000e-01 0.000000e+00
6.100000e-01 6.105000e-01 6.110000e-01 0.000000e+00
6.110000e-01 6.115000e-01 6.120000e-01 0.000000e+00
6.120000e-01 6.125000e-01 6.130000e-01 0.000000e+00
6.130000e-01 6.135000e-01 6.140000e-01 0.000000e+00
6.140000e-01 6.145000e-01 6.150000e-01 1.099700e+01
6.150000e-01 6.155000e-01 6.160000e-01 1.093500e+01
6.160000e-01 6.165000e-01 6.170000e-01 1.094500e+01
6.170000e-01 6.175000e-01 6.180000e-01 1.096700e+01
6.180000e-01 6.185000e-01 6.190000e-01 9.147000e+00
6.190000e-01 6.195000e-01 6.200000e-01 9.132000e+00
6.200000e-01 6.205000e-01 6.210000e-01 9.103000e+00
6.210000e-01 6.215000e-01 6.220000e-01 9.092000e+00
6.220000e-01 6.225000e-01 6.230000e-01 9.100000e+00
6.230000e-01 6.235000e-01 6.240000e-01 9.106000e+00
6.240000e-01 6.245000e-01 6.250000e-01 9.050000e+00
6.250000e-01 6.255000e-01 6.260000e-01 7.562000e+00
6.260000e-01 6.265000e-01 6.270000e-01 7.537000e+00
6.270000e-01 6.275000e-01 6.280000e-01 7.528000e+00
6.280000e-01 6.285000e-01 6.290000e-01 7.535000e+00
6.290000e-01 6.295000e-01 6.300000e-01 7.500000e+00
6.300000e-01 6.305000e-01 6.310000e-01 7.493000e+00
6.310000e-01 6.315000e-01 6.320000e-01 7.486000e+00
6.320000e-01 6.325000e-01 6.330000e-01 6.215000e+00
6.330000e-01 6.335000e-01 6.340000e-01 6.207000e+00
6.340000e-01 6.345000e-01 6.350000e-01 6.212000e+00
6.350000e-01 6.355000e-01 6.360000e-01 6.183000e+00
6.360000e-01 6.365000e-01 6.370000e-01 6.177000e+00
6.370000e-01 6.375000e-01 6.380000e-01 6.171000e+00
6.380000e-01 6.385000e-01 6.390000e-01 5.102000e+00
6.390000e-01 6.395000e-01 6.400000e-01 5.095000e+00
6.400000e-01 6.405000e-01 6.410000e-01 5.100000e+00
6.410000e-01 6.415000e-01 6.420000e-01 5.076000e+00
6.420000e-01 6.425000e-01 6.430000e-01 5.070000e+00
6.430000e-01 6.435000e-01 6.440000e-01 5.066000e+00
6.440000e-01 6.445000e-01 6.450000e-01 5.054000e+00
6.450000e-01 6.455000e-01 6.460000e-01 4.165000e+00
6.460000e-01 6.465000e-01 6.470000e-01 4.169000e+00
6.470000e-01 6.475000e-01 6.480000e-01 4.172000e+00
6.480000e-01 6.485000e-01 6.490000e-01 4.144000e+00
6.490000e-01 6.495000e-01 6.500000e-01 4.141000e+00
6.500000e-01 6.505000e-01 6.510000e-01 4.131000e+00
6.510000e-01 6.515000e-01 6.520000e-01 4.099000e+00
6.520000e-01 6.525000e-01 6.530000e-01 3.392000e+00
6.530000e-01 6.535000e-01 6.540000e-01 3.399000e+00
6.540000e-01 6.545000e-01 6.550000e-01 3.372000e+00
6.550000e-01 6.555000e-01 6.560000e-01 3.370000e+00
6.560000e-01 6.565000e-01 6.570000e-01 3.373000e+00
6.570000e-01 6.575000e-01 6.580000e-01 3.335000e+00
6.580000e-01 6.585000e-01 6.590000e-01 3.339000e+00
6.590000e-01 6.595000e-01 6.600000e-01 2.753000e+00
6.600000e-01 6.605000e-01 6.610000e-01 2.731000e+00
6.610000e-01 6.615000e-01 6.620000e-01 2.734000e+00
6.620000e-01 6.625000e-01 6.630000e-01 2.733000e+00
6.630000e-01 6.635000e-01 6.640000e-01 2.726000e+00
6.640000e-01 6.645000e-01 6.650000e-01 2.706000e+00
6.650000e-01 6.655000e-01 6.660000e-01 2.709000e+00
6.660000e-01 6.665000e-01 6.670000e-01 2.201000e+00
6.670000e-01 6.675000e-01 6.680000e-01 2.205000e+00
6.680000e-01 6.685000e-01 6.690000e-01 2.204000e+00
6.690000e-01 6.695000e-01 6.700000e-01 2.198000e+00
6.700000e-01 6.705000e-01 6.710000e-01 2.181000e+00
6.710000e-01 6.715000e-01 6.720000e-01 2.183000e+00
6.720000e-01 6.725000e-01 6.730000e-01 2.175000e+00
6.730000e-01 6.735000e-01 6.740000e-01 1.769000e+00
6.740000e-01 6.745000e-01 6.750000e-01 1.768000e+00
6.750000e-01 6.755000e-01 6.760000e-01 1.764000e+00
6.760000e-01 6.765000e-01 6.770000e-01 1.749000e+00
6.770000e-01 6.775000e-01 6.780000e-01 1.751000e+00
6.780000e-01 6.785000e-01 6.790000e-01 1.754000e+00
6.790000e-01 6.795000e-01 6.800000e-01 1.743000e+00
6.800000e-01 6.805000e-01 6.810000e-01 1.746000e+00
6.810000e-01 6.815000e-01 6.820000e-01 1.414000e+00
6.820000e-01 6.825000e-01 6.830000e-01 1.410000e+00
6.830000e-01 6.835000e-01 6.840000e-01 1.399000e+00
6.840000e-01 6.845000e-01 6.850000e-01 1.400000e+00
6.850000e-01 6.855000e-01 6.860000e-01 1.391000e+00
6.860000e-01 6.865000e-01 6.870000e-01 1.394000e+00
6.870000e-01 6.875000e-01 6.880000e-01 1.394000e+00
6.880000e-01 6.885000e-01 6.890000e-01 1.120000e+00
6.890000e-01 6.895000e-01 6.900000e-01 1.111000e+00
6.900000e-01 6.905000e-01 6.910000e-01 1.112000e+00
6.910000e-01 6.915000e-01 6.920000e-01 1.114000e+00
6.920000e-01 6.925000e-01 6.930000e-01 1.107000e+00
6.930000e-01 6.935000e-01 6.940000e-01 1.107000e+00
6.940000e-01 6.945000e-01 6.950000e-01 1.109000e+00
6.950000e-01 6.955000e-01 6.960000e-01 8.870000e-01
6.960000e-01 6.965000e-01 6.970000e-01 8.800000e-01
6.970000e-01 6.975000e-01 6.980000e-01 8.800000e-01
6.980000e-01 6.985000e-01 6.990000e-01 8.750000e-01
6.990000e-01 6.995000e-01 7.000000e-01 8.760000e-01
7.000000e-01 7.005000e-01 7.010000e-01 8.760000e-01
7.010000e-01 7.015000e-01 7.020000e-01 8.750000e-01
7.020000e-01 7.025000e-01 7.030000e-01 8.690000e-01
7.030000e-01 7.035000e-01 7.040000e-01 6.920000e-01
7.040000e-01 7.045000e-01 7.050000e-01 6.930000e-01
7.050000e-01 7.055000e-01 7.060000e-01 6.890000e-01
7.060000e-01 7.065000e-01 7.070000e-01 6.900000e-01
7.070000e-01 7.075000e-01 7.080000e-01 6.900000e-01
7.080000e-01 7.085000e-01 7.090000e-01 6.890000e-01
7.090000e-01 7.095000e-01 7.100000e-01 6.840000e-01
7.100000e-01 7.105000e-01 7.110000e-01 6.850000e-01
7.110000e-01 7.115000e-01 7.120000e-01 5.400000e-01
7.120000e-01 7.125000e-01 7.130000e-01 5.390000e-01
7.130000e-01 7.135000e-01 7.140000e-01 5.390000e-01
7.140000e-01 7.145000e-01 7.150000e-01 5.400000e-01
7.150000e-01 7.155000e-01 7.160000e-01 5.360000e-01
7.160000e-01 7.165000e-01 7.170000e-01 5.360000e-01
7.170000e-01 7.175000e-01 7.180000e-01 5.360000e-01
7.180000e-01 7.185000e-01 7.190000e-01 4.190000e-01
7.190000e-01 7.195000e-01 7.200000e-01 4.200000e-01
7.200000e-01 7.205000e-01 7.210000e-01 4.200000e-01
7.210000e-01 7.215000e-01 7.220000e-01 4.190000e-01
7.220000e-01 7.225000e-01 7.230000e-01 4.170000e-01
7.230000e-01 7.235000e-01 7.240000e-01 4.170000e-01
7.240000e-01 7.245000e-01 7.250000e-01 4.180000e-01
7.250000e-01 7.255000e-01 7.260000e-01 4.160000e-01
7.260000e-01 7.265000e-01 7.270000e-01 3.250000e-01
7.270000e-01 7.275000e-01 7.280000e-01 3.250000e-01
7.280000e-01 7.285000e-01 7.290000e-01 3.250000e-01
7.290000e-01 7.295000e-01 7.300000e-01 3.230000e-01
7.300000e-01 7.305000e-01 7.310000e-01 3.230000e-01
7.310000e-01 7.315000e-01 7.320000e-01 3.240000e-01
7.320000e-01 7.325000e-01 7.330000e-01 3.220000e-01
7.330000e-01 7.335000e-01 7.340000e-01 3.200000e-01
7.340000e-01 7.345000e-01 7.350000e-01 2.510000e-01
7.350000e-01 7.355000e-01 7.360000e-01 2.500000e-01
7.360000e-01 7.365000e-01 7.370000e-01 2.480000e-01
7.370000e-01 7.375000e-01 7.380000e-01 2.490000e-01
7.380000e-01 7.385000e-01 7.390000e-01 2.490000e-01
7.390000e-01 7.395000e-01 7.400000e-01 2.480000e-01
7.400000e-01 7.405000e-01 7.410000e-01 2.460000e-01
7.410000e-01 7.415000e-01 7.420000e-01 2.460000e-01
7.420000e-01 7.425000e-01 7.430000e-01 1.910000e-01
7.430000e-01 7.435000e-01 7.440000e-01 1.900000e-01
7.440000e-01 7.445000e-01 7.450000e-01 1.900000e-01
7.450000e-01 7.455000e-01 7.460000e-01 1.910000e-01
7.460000e-01 7.465000e-01 7.470000e-01 1.900000e-01
7.470000e-01 7.475000e-01 7.480000e-01 1.880000e-01
7.480000e-01 7.485000e-01 7.490000e-01 1.880000e-01
7.490000e-01 7.495000e-01 7.500000e-01 1.880000e-01
7.500000e-01 7.505000e-01 7.510000e-01 1.450000e-01
7.510000e-01 7.515000e-01 7.520000e-01 1.450000e-01
7.520000e-01 7.525000e-01 7.530000e-01 1.450000e-01
7.530000e-01 7.535000e-01 7.540000e-01 1.440000e-01
7.540000e-01 7.545000e-01 7.550000e-01 1.430000e-01
7.550000e-01 7.555000e-01 7.560000e-01 1.430000e-01
7.560000e-01 7.565000e-01 7.570000e-01 1.430000e-01
7.570000e-01 7.575000e-01 7.580000e-01 1.420000e-01
7.580000e-01 7.585000e-01 7.590000e-01 1.100000e-01
7.590000e-01 7.595000e-01 7.600000e-01 1.100000e-01
7.600000e-01 7.605000e-01 7.610000e-01 1.090000e-01
7.610000e-01 7.615000e-01 7.620000e-01 1.090000e-01
7.620000e-01 7.625000e-01 7.630000e-01 1.080000e-01
7.630000e-01 7.635000e-01 7.640000e-01 1.080000e-01
7.640000e-01 7.645000e-01 7.650000e-01 1.080000e-01
7.650000e-01 7.655000e-01 7.660000e-01 1.080000e-01
7.660000e-01 7.665000e-01 7.670000e-01 1.080000e-01
7.670000e-01 7.675000e-01 7.680000e-01 8.200000e-02
7.680000e-01 7.685000e-01 7.690000e-01 8.200000e-02
7.690000e-01 7.695000e-01 7.700000e-01 8.100000e-02
7.700000e-01 7.705000e-01 7.710000e-01 8.100000e-02
7.710000e-01 7.715000e-01 7.720000e-01 8.100000e-02
7.720000e-01 7.725000e-01 7.730000e-01 8.100000e-02
7.730000e-01 7.735000e-01 7.740000e-01 8.100000e-02
7.740000e-01 7.745000e-01 7.750000e-01 8.100000e-02
7.750000e-01 7.755000e-01 7.760000e-01 6.100000e-02
7.760000e-01 7.765000e-01 7.770000e-01 6.100000e-02
7.770000e-01 7.775000e-01 7.780000e-01 6.100000e-02
7.780000e-01 7.785000e-01 7.790000e-01 6.000000e-02
7.790000e-01 7.795000e-01 7.800000e-01 6.100000e-02
7.800000e-01 7.805000e-01 7.810000e-01 6.100000e-02
7.810000e-01 7.815000e-01 7.820000e-01 6.000000e-02
7.820000e-01 7.825000e-01 7.830000e-01 6.100000e-02
7.830000e-01 7.835000e-01 7.840000e-01 6.000000e-02
7.840000e-01 7.845000e-01 7.850000e-01 4.500000e-02
7.850000e-01 7.855000e-01 7.860000e-01 4.500000e-02
7.860000e-01 7.865000e-01 7.870000e-01 4.500000e-02
7.870000e-01 7.875000e-01 7.880000e-01 4.500000e-02
7.880000e-01 7.885000e-01 7.890000e-01 4.500000e-02
7.890000e-01 7.895000e-01 7.900000e-01 4.500000e-02
7.900000e-01 7.905000e-01 7.910000e-01 4.500000e-02
7.910000e-01 7.915000e-01 7.920000e-01 4.500000e-02
7.920000e-01 7.925000e-01 7.930000e-01 3.300000e-02
7.930000e-01 7.935000e-01 7.940000e-01 3.300000e-02
7.940000e-01 7.945000e-01 7.950000e-01 3.300000e-02
7.950000e-01 7.955000e-01 7.960000e-01 3.300000e-02
7.960000e-01 7.965000e-01 7.970000e-01 3.300000e-02
7.970000e-01 7.975000e-01 7.980000e-01 3.300000e-02
7.980000e-01 7.985000e-01 7.990000e-01 3.300000e-02
7.990000e-01 7.995000e-01 8.000000e-01 3.300000e-02
8.000000e-01 8.005000e-01 8.010000e-01 3.300000e-02
8.010000e-01 8.015000e-01 8.020000e-01 2.400000e-02
8.020000e-01 8.025000e-01 8.030000e-01 2.400000e-02
8.030000e-01 8.035000e-01 8.040000e-01 2.400000e-02
8.040000e-01 8.045000e-01 8.050000e-01 2.400000e-02
8.050000e-01 8.055000e-01 8.060000e-01 2.400000e-02
8.060000e-01 8.065000e-01 8.070000e-01 2.400000e-02
8.070000e-01 8.075000e-01 8.080000e-01 2.400000e-02
8.080000e-01 8.085000e-01 8.090000e-01 2.400000e-02
8.090000e-01 8.095000e-01 8.100000e-01 2.400000e-02
8.100000e-01 8.105000e-01 8.110000e-01 1.800000e-02
8.110000e-01 8.115000e-01 8.120000e-01 1.800000e-02
8.120000e-01 8.125000e-01 8.130000e-01 1.800000e-02
8.130000e-01 8.135000e-01 8.140000e-01 1.800000e-02
8.140000e-01 8.145000e-01 8.150000e-01 1.800000e-02
8.150000e-01 8.155000e-01 8.160000e-01 1.800000e-02
8.160000e-01 8.165000e-01 8.170000e-01 1.700000e-02
8.170000e-01 8.175000e-01 8.180000e-01 1.700000e-02
8.180000e-01 8.185000e-01 8.190000e-01 1.800000e-02
8.190000e-01 8.195000e-01 8.200000e-01 1.300000e-02
8.200000e-01 8.205000e-01 8.210000e-01 1.300000e-02
8.210000e-01 8.215000e-01 8.220000e-01 1.300000e-02
8.220000e-01 8.225000e-01 8.230000e-01 1.300000e-02
8.230000e-01 8.235000e-01 8.240000e-01 1.300000e-02
8.240000e-01 8.245000e-01 8.250000e-01 1.300000e-02
8.250000e-01 8.255000e-01 8.260000e-01 1.300000e-02
8.260000e-01 8.265000e-01 8.270000e-01 1.200000e-02
8.270000e-01 8.275000e-01 8.280000e-01 1.200000e-02
8.280000e-01 8.285000e-01 8.290000e-01 9.000000e-03
8.290000e-01 8.295000e-01 8.300000e-01 9.000000e-03
8.300000e-01 8.305000e-01 8.310000e-01 9.000000e-03
8.310000e-01 8.315000e-01 8.320000e-01 9.000000e-03
8.320000e-01 8.325000e-01 8.330000e-01 9.000000e-03
8.330000e-01 8.335000e-01 8.340000e-01 9.000000e-03
8.340000e-01 8.345000e-01 8.350000e-01 9.000000e-03
8.350000e-01 8.355000e-01 8.360000e-01 9.000000e-03
8.360000e-01 8.365000e-01 8.370000e-01 9.000000e-03
8.370000e-01 8.375000e-01 8.380000e-01 6.000000e-03
8.380000e-01 8.385000e-01 8.390000e-01 6.000000e-03
8.390000e-01 8.395000e-01 8.400000e-01 6.000000e-03
8.400000e-01 8.405000e-01 8.410000e-01 6.000000e-03
8.410000e-01 8.415000e-01 8.420000e-01 6.000000e-03
8.420000e-01 8.425000e-01 8.430000e-01 6.000000e-03
8.430000e-01 8.435000e-01 8.440000e-01 6.000000e-03
8.440000e-01 8.445000e-01 8.450000e-01 6.000000e-03
8.450000e-01 8.455000e-01 8.460000e-01 6.000000e-03
8.460000e-01 8.465000e-01 8.470000e-01 6.000000e-03
8.470000e-01 8.475000e-01 8.480000e-01 5.000000e-03
8.480000e-01 8.485000e-01 8.490000e-01 5.000000e-03
8.490000e-01 8.495000e-01 8.500000e-01 5.000000e-03
8.500000e-01 8.505000e-01 8.510000e-01 4.000000e-03
8.510000e-01 8.515000e-01 8.520000e-01 4.000000e-03
8.520000e-01 8.525000e-01 8.530000e-01 4.000000e-03
8.530000e-01 8.535000e-01 8.540000e-01 4.000000e-03
8.540000e-01 8.545000e-01 8.550000e-01 4.000000e-03
8.550000e-01 8.555000e-01 8.560000e-01 4.000000e-03
8.560000e-01 8.565000e-01 8.570000e-01 3.000000e-03
8.570000e-01 8.575000e-01 8.580000e-01 3.000000e-03
8.580000e-01 8.585000e-01 8.590000e-01 3.000000e-03
8.590000e-01 8.595000e-01 8.600000e-01 3.000000e-03
8.600000e-01 8.605000e-01 8.610000e-01 3.000000e-03
8.610000e-01 8.615000e-01 8.620000e-01 3.000000e-03
8.620000e-01 8.625000e-01 8.630000e-01 3.000000e-03
8.630000e-01 8.635000e-01 8.640000e-01 3.000000e-03
8.640000e-01 8.645000e-01 8.650000e-01 3.000000e-03
8.650000e-01 8.655000e-01 8.660000e-01 3.000000e-03
8.660000e-01 8.665000e-01 8.670000e-01 2.000000e-03
8.670000e-01 8.675000e-01 8.680000e-01 2.000000e-03
8.680000e-01 8.685000e-01 8.690000e-01 2.000000e-03
8.690000e-01 8.695000e-01 8.700000e-01 2.000000e-03
8.700000e-01 8.705000e-01 8.710000e-01 2.000000e-03
8.710000e-01 8.715000e-01 8.720000e-01 2.000000e-03
8.720000e-01 8.725000e-01 8.730000e-01 2.000000e-03
8.730000e-01 8.735000e-01 8.740000e-01 2.000000e-03
8.740000e-01 8.745000e-01 8.750000e-01 2.000000e-03
8.750000e-01 8.755000e-01 8.760000e-01 2.000000e-03
8.760000e-01 8.765000e-01 8.770000e-01 2.000000e-03
8.770000e-01 8.775000e-01 8.780000e-01 2.000000e-03
8.780000e-01 8.785000e-01 8.790000e-01 2.000000e-03
8.790000e-01 8.795000e-01 8.800000e-01 2.000000e-03
8.800000e-01 8.805000e-01 8.810000e-01 2.000000e-03
8.810000e-01 8.815000e-01 8.820000e-01 2.000000e-03
8.820000e-01 8.825000e-01 8.830000e-01 1.000000e-03
8.830000e-01 8.835000e-01 8.840000e-01 1.000000e-03
8.840000e-01 8.845000e-01 8.850000e-01 1.000000e-03
8.850000e-01 8.855000e-01 8.860000e-01 1.000000e-03
8.860000e-01 8.865000e-01 8.870000e-01 1.000000e-03
8.870000e-01 8.875000e-01 8.880000e-01 1.000000e-03
8.880000e-01 8.885000e-01 8.890000e-01 1.000000e-03
8.890000e-01 8.895000e-01 8.900000e-01 1.000000e-03
8.900000e-01 8.905000e-01 8.910000e-01 1.000000e-03
8.910000e-01 8.915000e-01 8.920000e-01 1.000000e-03
8.920000e-01 8.925000e-01 8.930000e-01 1.000000e-03
8.930000e-01 8.935000e-01 8.940000e-01 1.000000e-03
8.940000e-01 8.945000e-01 8.950000e-01 1.000000e-03
8.950000e-01 8.955000e-01 8.960000e-01 1.000000e-03
8.960000e-01 8.965000e-01 8.970000e-01 1.000000e-03
8.970000e-01 8.975000e-01 8.980000e-01 1.000000e-03
8.980000e-01 8.985000e-01 8.990000e-01 1.000000e-03
8.990000e-01 8.995000e-01 9.000000e-01 1.000000e-03
9.000000e-01 9.005000e-01 9.010000e-01 1.000000e-03
9.010000e-01 9.015000e-01 9.020000e-01 1.000000e-03
9.020000e-01 9.025000e-01 9.030000e-01 1.000000e-03
9.030000e-01 9.035000e-01 9.040000e-01 1.000000e-03
9.040000e-01 9.045000e-01 9.050000e-01 1.000000e-03
9.050000e-01 9.055000e-01 9.060000e-01 0.000000e+00
9.060000e-01 9.065000e-01 9.070000e-01 0.000000e+00
9.070000e-01 9.075000e-01 9.080000e-01 0.000000e+00
9.080000e-01 9.085000e-01 9.090000e-01 0.000000e+00
9.090000e-01 9.095000e-01 9.100000e-01 0.000000e+00
9.100000e-01 9.105000e-01 9.110000e-01 0.000000e+00
9.110000e-01 9.115000e-01 9.120000e-01 0.000000e+00
9.120000e-01 9.125000e-01 9.130000e-01 0.000000e+00
9.130000e-01 9.135000e-01 9.140000e-01 0.000000e+00
9.140000e-01 9.145000e-01 9.150000e-01 0.000000e+00
9.150000e-01 9.155000e-01 9.160000e-01 0.000000e+00
9.160000e-01 9.165000e-01 9.170000e-01 0.000000e+00
9.170000e-01 9.175000e-01 9.180000e-01 0.000000e+00
9.180000e-01 9.185000e-01 9.190000e-01 0.000000e+00
9.190000e-01 9.195000e-01 9.200000e-01 0.000000e+00
9.200000e-01 9.205000e-01 9.210000e-01 0.000000e+00
9.210000e-01 9.215000e-01 9.220000e-01 0.000000e+00
9.220000e-01 9.225000e-01 9.230000e-01 0.000000e+00
9.230000e-01 9.235000e-01 9.240000e-01 0.000000e+00
9.240000e-01 9.245000e-01 9.250000e-01 0.000000e+00
9.250000e-01 9.255000e-01 9.260000e-01 0.000000e+00
9.260000e-01 9.265000e-01 9.270000e-01 0.000000e+00
9.270000e-01 9.275000e-01 9.280000e-01 0.000000e+00
9.280000e-01 9.285000e-01 9.290000e-01 0.000000e+00
9.290000e-01 9.295000e-01 9.300000e-01 0.000000e+00
9.300000e-01 9.305000e-01 9.310000e-01 0.000000e+00
9.310000e-01 9.315000e-01 9.320000e-01 0.000000e+00
9.320000e-01 9.325000e-01 9.330000e-01 0.000000e+00
9.330000e-01 9.335000e-01 9.340000e-01 0.000000e+00
9.340000e-01 9.345000e-01 9.350000e-01 0.000000e+00
9.350000e-01 9.355000e-01 9.360000e-01 0.000000e+00
9.360000e-01 9.365000e-01 9.370000e-01 0.000000e+00
9.370000e-01 9.375000e-01 9.380000e-01 0.000000e+00
9.380000e-01 9.385000e-01 9.390000e-01 0.000000e+00
9.390000e-01 9.395000e-01 9.400000e-01 0.000000e+00
9.400000e-01 9.405000e-01 9.410000e-01 0.000000e+00
9.410000e-01 9.415000e-01 9.420000e-01 0.000000e+00
9.420000e-01 9.425000e-01 9.430000e-01 0.000000e+00
9.430000e-01 9.435000e-01 9.440000e-01 0.000000e+00
9.440000e-01 9.445000e-01 9.450000e-01 0.000000e+00
9.450000e-01 9.455000e-01 9.460000e-01 0.000000e+00
9.460000e-01 9.465000e-01 9.470000e-01 0.000000e+00
9.470000e-01 9.475000e-01 9.480000e-01 0.000000e+00
9.480000e-01 9.485000e-01 9.490000e-01 0.000000e+00
9.490000e-01 9.495000e-01 9.500000e-01 0.000000e+00
9.500000e-01 9.505000e-01 9.510000e-01 0.000000e+00
9.510000e-01 9.515000e-01 9.520000e-01 0.000000e+00
9.520000e-01 9.525000e-01 9.530000e-01 0.000000e+00
9.530000e-01 9.535000e-01 9.540000e-01 0.000000e+00
9.540000e-01 9.545000e-01 9.550000e-01 0.000000e+00
9.550000e-01 9.555000e-01 9.560000e-01 0.000000e+00
9.560000e-01 9.565000e-01 9.570000e-01 0.000000e+00
9.570000e-01 9.575000e-01 9.580000e-01 0.000000e+00
9.580000e-01 9.585000e-01 9.590000e-01 0.000000e+00
9.590000e-01 9.595000e-01 9.600000e-01 0.000000e+00
9.600000e-01 9.605000e-01 9.610000e-01 0.000000e+00
9.610000e-01 9.615000e-01 9.620000e-01 0.000000e+00
9.620000e-01 9.625000e-01 9.630000e-01 0.000000e+00
9.630000e-01 9.635000e-01 9.640000e-01 0.000000e+00
9.640000e-01 9.645000e-01 9.650000e-01 0.000000e+00
9.650000e-01 9.655000e-01 9.660000e-01 0.000000e+00
9.660000e-01 9.665000e-01 9.670000e-01 0.000000e+00
9.670000e-01 9.675000e-01 9.680000e-01 0.000000e+00
9.680000e-01 9.685000e-01 9.690000e-01 0.000000e+00
9.690000e-01 9.695000e-01 9.700000e-01 0.000000e+00
9.700000e-01 9.705000e-01 9.710000e-01 0.000000e+00
9.710000e-01 9.715000e-01 9.720000e-01 0.000000e+00
9.720000e-01 9.725000e-01 9.730000e-01 0.000000e+00
9.730000e-01 9.735000e-01 9.740000e-01 0.000000e+00
9.740000e-01 9.745000e-01 9.750000e-01 0.000000e+00
9.750000e-01 9.755000e-01 9.760000e-01 0.000000e+00
9.760000e-01 9.765000e-01 9.770000e-01 0.000000e+00
9.770000e-01 9.775000e-01 9.780000e-01 0.000000e+00
9.780000e-01 9.785000e-01 9.790000e-01 0.000000e+00
9.790000e-01 9.795000e-01 9.800000e-01 0.000000e+00
9.800000e-01 9.805000e-01 9.810000e-01 0.000000e+00
9.810000e-01 9.815000e-01 9.820000e-01 0.000000e+00
9.820000e-01 9.825000e-01 9.830000e-01 0.000000e+00
9.830000e-01 9.835000e-01 9.840000e-01 0.000000e+00
9.840000e-01 9.845000e-01 9.850000e-01 0.000000e+00
9.850000e-01 9.855000e-01 9.860000e-01 0.000000e+00
9.860000e-01 9.865000e-01 9.870000e-01 0.000000e+00
9.870000e-01 9.875000e-01 9.880000e-01 0.000000e+00
9.880000e-01 9.885000e-01 9.890000e-01 0.000000e+00
9.890000e-01 9.895000e-01 9.900000e-01 0.000000e+00
9.900000e-01 9.905000e-01 9.910000e-01 0.000000e+00
9.910000e-01 9.915000e-01 9.920000e-01 0.000000e+00
9.920000e-01 9.925000e-01 9.930000e-01 0.000000e+00
9.930000e-01 9.935000e-01 9.940000e-01 0.000000e+00
9.940000e-01 9.945000e-01 9.950000e-01 0.000000e+00
9.950000e-01 9.955000e-01 9.960000e-01 0.000000e+00
9.960000e-01 9.965000e-01 9.970000e-01 0.000000e+00
9.970000e-01 9.975000e-01 9.980000e-01 0.000000e+00
9.980000e-01 9.985000e-01 9.990000e-01 0.000000e+00
9.990000e-01 9.995000e-01 1.000000e+00 0.000000e+00
