0.000000e+00 1.000000e-02 2.000000e-02 2.103860e-01
2.000000e-02 3.000000e-02 4.000000e-02 1.314312e+00
4.000000e-02 5.000000e-02 6.000000e-02 2.562885e+00
6.000000e-02 7.000000e-02 8.000000e-02 3.548245e+00
8.000000e-02 9.000000e-02 1.000000e-01 4.161023e+00
1.000000e-01 1.100000e-01 1.200000e-01 4.424126e+00
1.200000e-01 1.300000e-01 1.400000e-01 4.409730e+00
1.400000e-01 1.500000e-01 1.600000e-01 4.199143e+00
1.600000e-01 1.700000e-01 1.800000e-01 3.865121e+00
1.800000e-01 1.900000e-01 2.000000e-01 3.465703e+00
2.000000e-01 2.100000e-01 2.200000e-01 3.043636e+00
2.200000e-01 2.300000e-01 2.400000e-01 2.628248e+00
2.400000e-01 2.500000e-01 2.600000e-01 2.238105e+00
2.600000e-01 2.700000e-01 2.800000e-01 1.883677e+00
2.800000e-01 2.900000e-01 3.000000e-01 1.569655e+00
3.000000e-01 3.100000e-01 3.200000e-01 1.296820e+00
3.200000e-01 3.300000e-01 3.400000e-01 1.063463e+00
3.400000e-01 3.500000e-01 3.600000e-01 8.664321e-01
3.600000e-01 3.700000e-01 3.800000e-01 7.018587e-01
3.800000e-01 3.900000e-01 4.000000e-01 5.656500e-01
4.000000e-01 4.100000e-01 4.200000e-01 4.538013e-01
4.200000e-01 4.300000e-01 4.400000e-01 3.625817e-01
4.400000e-01 4.500000e-01 4.600000e-01 2.886306e-01
4.600000e-01 4.700000e-01 4.800000e-01 2.289950e-01
4.800000e-01 4.900000e-01 5.000000e-01 1.811290e-01
5.000000e-01 5.100000e-01 5.200000e-01 1.428709e-01
5.200000e-01 5.300000e-01 5.400000e-01 1.124075e-01
5.400000e-01 5.500000e-01 5.600000e-01 8.823312e-02
5.600000e-01 5.700000e-01 5.800000e-01 6.910880e-02
5.800000e-01 5.900000e-01 6.000000e-01 5.402213e-02
