0.000000e+00 1.000000e-02 2.000000e-02 9.815667e-01
2.000000e-02 3.000000e-02 4.000000e-02 4.066912e+00
4.000000e-02 5.000000e-02 6.000000e-02 5.880077e+00
6.000000e-02 7.000000e-02 8.000000e-02 6.370410e+00
8.000000e-02 9.000000e-02 1.000000e-01 6.051818e+00
1.000000e-01 1.100000e-01 1.200000e-01 5.344594e+00
1.200000e-01 1.300000e-01 1.400000e-01 4.511375e+00
1.400000e-01 1.500000e-01 1.600000e-01 3.695415e+00
1.600000e-01 1.700000e-01 1.800000e-01 2.964399e+00
1.800000e-01 1.900000e-01 2.000000e-01 2.342441e+00
2.000000e-01 2.100000e-01 2.200000e-01 1.830502e+00
2.200000e-01 2.300000e-01 2.400000e-01 1.418536e+00
2.400000e-01 2.500000e-01 2.600000e-01 1.092305e+00
2.600000e-01 2.700000e-01 2.800000e-01 8.369935e-01
2.800000e-01 2.900000e-01 3.000000e-01 6.389389e-01
3.000000e-01 3.100000e-01 3.200000e-01 4.863268e-01
3.200000e-01 3.300000e-01 3.400000e-01 3.693343e-01
3.400000e-01 3.500000e-01 3.600000e-01 2.800035e-01
3.600000e-01 3.700000e-01 3.800000e-01 2.120037e-01
3.800000e-01 3.900000e-01 4.000000e-01 1.603644e-01
4.000000e-01 4.100000e-01 4.200000e-01 1.212208e-01
4.200000e-01 4.300000e-01 4.400000e-01 9.159040e-02
4.400000e-01 4.500000e-01 4.600000e-01 6.918428e-02
4.600000e-01 4.700000e-01 4.800000e-01 5.225368e-02
4.800000e-01 4.900000e-01 5.000000e-01 3.946700e-02
5.000000e-01 5.100000e-01 5.200000e-01 2.981302e-02
5.200000e-01 5.300000e-01 5.400000e-01 2.252534e-02
5.400000e-01 5.500000e-01 5.600000e-01 1.702406e-02
5.600000e-01 5.700000e-01 5.800000e-01 1.287089e-02
5.800000e-01 5.900000e-01 6.000000e-01 9.734881e-03
