0.000000e+00 1.000000e-02 2.000000e-02 2.415362e-01
2.000000e-02 3.000000e-02 4.000000e-02 1.192075e+00
4.000000e-02 5.000000e-02 6.000000e-02 2.067574e+00
6.000000e-02 7.000000e-02 8.000000e-02 2.686504e+00
8.000000e-02 9.000000e-02 1.000000e-01 3.056432e+00
1.000000e-01 1.100000e-01 1.200000e-01 3.227017e+00
1.200000e-01 1.300000e-01 1.400000e-01 3.250835e+00
1.400000e-01 1.500000e-01 1.600000e-01 3.172624e+00
1.600000e-01 1.700000e-01 1.800000e-01 3.027401e+00
1.800000e-01 1.900000e-01 2.000000e-01 2.841373e+00
2.000000e-01 2.100000e-01 2.200000e-01 2.633561e+00
2.200000e-01 2.300000e-01 2.400000e-01 2.417407e+00
2.400000e-01 2.500000e-01 2.600000e-01 2.202144e+00
2.600000e-01 2.700000e-01 2.800000e-01 1.993893e+00
2.800000e-01 2.900000e-01 3.000000e-01 1.796510e+00
3.000000e-01 3.100000e-01 3.200000e-01 1.612229e+00
3.200000e-01 3.300000e-01 3.400000e-01 1.442137e+00
3.400000e-01 3.500000e-01 3.600000e-01 1.286528e+00
3.600000e-01 3.700000e-01 3.800000e-01 1.145164e+00
3.800000e-01 3.900000e-01 4.000000e-01 1.017460e+00
4.000000e-01 4.100000e-01 4.200000e-01 9.026196e-01
4.200000e-01 4.300000e-01 4.400000e-01 7.997295e-01
4.400000e-01 4.500000e-01 4.600000e-01 7.078273e-01
4.600000e-01 4.700000e-01 4.800000e-01 6.259468e-01
4.800000e-01 4.900000e-01 5.000000e-01 5.531476e-01
5.000000e-01 5.100000e-01 5.200000e-01 4.885351e-01
5.200000e-01 5.300000e-01 5.400000e-01 4.312718e-01
5.400000e-01 5.500000e-01 5.600000e-01 3.805828e-01
5.600000e-01 5.700000e-01 5.800000e-01 3.357581e-01
5.800000e-01 5.900000e-01 6.000000e-01 2.961521e-01
6.000000e-01 6.100000e-01 6.200000e-01 2.611809e-01
6.200000e-01 6.300000e-01 6.400000e-01 2.303192e-01
6.400000e-01 6.500000e-01 6.600000e-01 2.030962e-01
6.600000e-01 6.700000e-01 6.800000e-01 1.790913e-01
6.800000e-01 6.900000e-01 7.000000e-01 1.579298e-01
7.000000e-01 7.100000e-01 7.200000e-01 1.392787e-01
7.200000e-01 7.300000e-01 7.400000e-01 1.228424e-01
7.400000e-01 7.500000e-01 7.600000e-01 1.083591e-01
7.600000e-01 7.700000e-01 7.800000e-01 9.559733e-02
7.800000e-01 7.900000e-01 8.000000e-01 8.435244e-02
8.000000e-01 8.100000e-01 8.200000e-01 7.444374e-02
8.200000e-01 8.300000e-01 8.400000e-01 6.571188e-02
8.400000e-01 8.500000e-01 8.600000e-01 5.801634e-02
8.600000e-01 8.700000e-01 8.800000e-01 5.123331e-02
8.800000e-01 8.900000e-01 9.000000e-01 4.525374e-02
9.000000e-01 9.100000e-01 9.200000e-01 3.998161e-02
9.200000e-01 9.300000e-01 9.400000e-01 3.533239e-02
9.400000e-01 9.500000e-01 9.600000e-01 3.123171e-02
9.600000e-01 9.700000e-01 9.800000e-01 2.761409e-02
9.800000e-01 9.900000e-01 1.000000e+00 2.442195e-02
1.000000e+00 1.010000e+00 1.020000e+00 2.160459e-02
1.020000e+00 1.030000e+00 1.040000e+00 1.911744e-02
1.040000e+00 1.050000e+00 1.060000e+00 1.692126e-02
1.060000e+00 1.070000e+00 1.080000e+00 1.498152e-02
1.080000e+00 1.090000e+00 1.100000e+00 1.326784e-02
1.100000e+00 1.110000e+00 1.120000e+00 1.175347e-02
1.120000e+00 1.130000e+00 1.140000e+00 1.041489e-02
1.140000e+00 1.150000e+00 1.160000e+00 9.231370e-03
1.160000e+00 1.170000e+00 1.180000e+00 8.184660e-03
1.180000e+00 1.190000e+00 1.200000e+00 7.258693e-03
