0 1.118463e-10
1 7.746143e-11
2 5.402272e-11
3 3.736942e-11
4 2.515459e-11
5 1.618957e-11
6 9.841181e-12
7 5.629199e-12
8 3.045998e-12
9 1.576848e-12
10 7.905180e-13
11 3.877022e-13
12 1.874164e-13
13 8.975536e-14
14 4.272799e-14
15 1.891496e-10
16 1.296801e-10
17 8.997401e-11
18 6.254536e-11
19 4.280332e-11
20 2.827922e-11
21 1.774433e-11
22 1.047849e-11
23 5.827579e-12
24 3.079767e-12
25 1.566413e-12
26 7.755522e-13
27 3.771602e-13
28 1.812989e-13
29 8.649998e-14
30 2.279306e-10
31 1.555035e-10
32 1.074482e-10
33 7.466540e-11
34 5.135604e-11
35 3.429150e-11
36 2.182004e-11
37 1.306971e-11
38 7.355707e-12
39 3.922104e-12
40 2.006853e-12
41 9.975548e-13
42 4.863426e-13
43 2.341388e-13
44 1.118182e-13
45 2.611238e-10
46 1.779909e-10
47 1.230178e-10
48 8.562042e-11
49 5.904526e-11
50 3.953216e-11
51 2.522261e-11
52 1.515233e-11
53 8.553097e-12
54 4.572059e-12
55 2.343794e-12
56 1.166460e-12
57 5.691556e-13
58 2.741472e-13
59 1.309583e-13
60 4.444901e-10
61 3.000991e-10
62 2.047607e-10
63 1.413761e-10
64 9.790743e-11
65 6.687834e-11
66 4.417049e-11
67 2.774481e-11
68 1.642100e-11
69 9.160644e-12
70 4.857123e-12
71 2.476798e-12
72 1.228463e-12
73 5.979594e-13
74 2.874921e-13
75 7.223009e-10
76 4.861657e-10
77 3.284895e-10
78 2.242100e-10
79 1.546644e-10
80 1.066036e-10
81 7.209398e-11
82 4.692884e-11
83 2.899524e-11
84 1.690278e-11
85 9.316975e-12
86 4.896491e-12
87 2.480796e-12
88 1.224678e-12
89 5.940489e-13
90 8.975330e-10
91 6.038292e-10
92 4.074164e-10
93 2.774754e-10
94 1.912897e-10
95 1.320760e-10
96 8.973086e-11
97 5.883295e-11
98 3.666112e-11
99 2.154681e-11
100 1.195930e-11
101 6.318189e-12
102 3.212894e-12
103 1.589889e-12
104 7.723589e-13
105 2.321664e-09
106 1.617666e-09
107 1.092042e-09
108 7.299167e-10
109 4.898206e-10
110 3.329737e-10
111 2.286917e-10
112 1.567447e-10
113 1.052896e-10
114 6.806214e-11
115 4.174409e-11
116 2.413634e-11
117 1.318928e-11
118 6.874242e-12
119 3.457549e-12
120 3.482211e-09
121 2.467878e-09
122 1.678744e-09
123 1.120376e-09
124 7.481943e-10
125 5.051503e-10
126 3.457820e-10
127 2.379159e-10
128 1.617533e-10
129 1.065518e-10
130 6.687997e-11
131 3.960738e-11
132 2.210912e-11
133 1.171539e-11
134 5.961301e-12
135 5.954950e-09
136 4.337714e-09
137 3.017240e-09
138 2.024176e-09
139 1.346790e-09
140 8.992607e-10
141 6.093585e-10
142 4.181917e-10
143 2.870555e-10
144 1.933054e-10
145 1.253094e-10
146 7.707368e-11
147 4.467942e-11
148 2.445740e-11
149 1.275683e-11
