0 6.559960e-11
1 4.488137e-11
2 3.107847e-11
3 2.139698e-11
4 1.445542e-11
5 9.468486e-12
6 5.960639e-12
7 3.590703e-12
8 2.065431e-12
9 1.134390e-12
10 5.971399e-13
11 3.036956e-13
12 1.504814e-13
13 7.318914e-14
14 3.514896e-14
15 4.793648e-11
16 3.603119e-11
17 2.675257e-11
18 1.902995e-11
19 1.260099e-11
20 7.593169e-12
21 4.077494e-12
22 1.920748e-12
23 7.897129e-13
24 2.865126e-13
25 9.256058e-14
26 2.601291e-14
27 5.783508e-15
28 6.110955e-16
29 -3.610443e-16
30 2.275013e-11
31 2.082162e-11
32 1.724132e-11
33 1.282634e-11
34 8.248780e-12
35 4.341983e-12
36 1.587181e-12
37 7.524230e-14
38 -4.802744e-13
39 -5.145543e-13
40 -3.722652e-13
41 -2.260297e-13
42 -1.242739e-13
43 -6.429864e-14
44 -3.204153e-14
45 9.917260e-12
46 1.358407e-11
47 1.304855e-11
48 1.023585e-11
49 6.378342e-12
50 2.796534e-12
51 3.022506e-13
52 -9.440588e-13
53 -1.210065e-12
54 -9.819940e-13
55 -6.447760e-13
56 -3.738288e-13
57 -2.007843e-13
58 -1.025014e-13
59 -5.068224e-14
60 2.875838e-10
61 1.938252e-10
62 1.327022e-10
63 9.230810e-11
64 6.432814e-11
65 4.403213e-11
66 2.909144e-11
67 1.833370e-11
68 1.095292e-11
69 6.211603e-12
70 3.365103e-12
71 1.753456e-12
72 8.859513e-13
73 4.372112e-13
74 2.120951e-13
75 3.258003e-10
76 2.136409e-10
77 1.485765e-10
78 1.049435e-10
79 7.413876e-11
80 5.129575e-11
81 3.404568e-11
82 2.131710e-11
83 1.249653e-11
84 6.876000e-12
85 3.589647e-12
86 1.802280e-12
87 8.812847e-13
88 4.238900e-13
89 2.018731e-13
90 3.748108e-10
91 2.433456e-10
92 1.700256e-10
93 1.206474e-10
94 8.561706e-11
95 5.950748e-11
96 3.963477e-11
97 2.483991e-11
98 1.452022e-11
99 7.926656e-12
100 4.087057e-12
101 2.021011e-12
102 9.733399e-13
103 4.620710e-13
104 2.178594e-13
105 1.597387e-09
106 1.062061e-09
107 6.966689e-10
108 4.592133e-10
109 3.080544e-10
110 2.110417e-10
111 1.462453e-10
112 1.006875e-10
113 6.760688e-11
114 4.358136e-11
115 2.668819e-11
116 1.546434e-11
117 8.500657e-12
118 4.465002e-12
119 2.262195e-12
120 2.379008e-09
121 1.600804e-09
122 1.041903e-09
123 6.816486e-10
124 4.522747e-10
125 3.083606e-10
126 2.137486e-10
127 1.482888e-10
128 1.008978e-10
129 6.613328e-11
130 4.121152e-11
131 2.425650e-11
132 1.349023e-11
133 7.138618e-12
134 3.631758e-12
135 4.448268e-09
136 3.086894e-09
137 2.047429e-09
138 1.323912e-09
139 8.678518e-10
140 5.783425e-10
141 3.947859e-10
142 2.734186e-10
143 1.886745e-10
144 1.271160e-10
145 8.222780e-11
146 5.049261e-11
147 2.928815e-11
148 1.608407e-11
149 8.424467e-12
