0 3.497241e-11
1 2.450003e-11
2 1.728060e-11
3 1.203484e-11
4 8.119264e-12
5 5.228585e-12
6 3.185219e-12
7 1.831842e-12
8 9.991274e-13
9 5.215991e-13
10 2.633573e-13
11 1.298032e-13
12 6.292039e-14
13 3.016006e-14
14 1.435017e-14
15 5.900806e-11
16 4.080498e-11
17 2.866445e-11
18 2.011863e-11
19 1.382761e-11
20 9.142368e-12
21 5.740735e-12
22 3.402152e-12
23 1.905147e-12
24 1.015437e-12
25 5.205982e-13
26 2.593209e-13
27 1.265975e-13
28 6.096096e-14
29 2.908808e-14
30 7.108879e-11
31 4.881186e-11
32 3.415347e-11
33 2.399715e-11
34 1.659962e-11
35 1.109507e-11
36 7.059764e-12
37 4.239734e-12
38 2.401397e-12
39 1.291420e-12
40 6.663217e-13
41 3.333883e-13
42 1.632297e-13
43 7.874712e-14
44 3.762046e-14
45 8.142281e-11
46 5.585804e-11
47 3.909320e-11
48 2.751356e-11
49 1.908206e-11
50 1.278972e-11
51 8.160853e-12
52 4.915094e-12
53 2.791711e-12
54 1.504983e-12
55 7.779869e-13
56 3.897806e-13
57 1.910143e-13
58 9.220769e-14
59 4.406569e-14
60 1.402097e-10
61 9.417874e-11
62 6.472764e-11
63 4.521572e-11
64 3.160431e-11
65 2.167702e-11
66 1.432820e-11
67 9.006285e-12
68 5.348644e-12
69 3.003421e-12
70 1.605500e-12
71 8.250709e-13
72 4.116951e-13
73 2.011689e-13
74 9.689555e-14
75 2.328308e-10
76 1.538309e-10
77 1.038094e-10
78 7.145521e-11
79 4.980873e-11
80 3.458012e-11
81 2.345118e-11
82 1.527528e-11
83 9.452423e-12
84 5.533277e-12
85 3.070389e-12
86 1.626250e-12
87 8.298777e-13
88 4.119112e-13
89 2.004677e-13
90 2.906456e-10
91 1.914483e-10
92 1.287837e-10
93 8.836009e-11
94 6.156485e-11
95 4.284570e-11
96 2.920646e-11
97 1.916134e-11
98 1.195358e-11
99 7.051550e-12
100 3.939158e-12
101 2.097403e-12
102 1.074458e-12
103 5.347243e-13
104 2.606923e-13
105 8.207094e-10
106 5.471726e-10
107 3.573075e-10
108 2.353657e-10
109 1.576443e-10
110 1.079527e-10
111 7.482059e-11
112 5.158372e-11
113 3.471203e-11
114 2.243606e-11
115 1.377484e-11
116 7.996344e-12
117 4.398579e-12
118 2.309765e-12
119 1.169428e-12
120 1.262744e-09
121 8.547380e-10
122 5.583864e-10
123 3.646717e-10
124 2.417007e-10
125 1.639665e-10
126 1.132665e-10
127 7.849803e-11
128 5.352113e-11
129 3.525253e-11
130 2.212738e-11
131 1.313844e-11
132 7.375213e-12
133 3.936887e-12
134 2.017368e-12
135 2.253075e-09
136 1.565133e-09
137 1.040328e-09
138 6.740295e-10
139 4.412812e-10
140 2.938156e-10
141 2.003095e-10
142 1.385823e-10
143 9.559000e-11
144 6.443324e-11
145 4.173818e-11
146 2.568670e-11
147 1.494240e-11
148 8.231803e-12
149 4.324401e-12
