0 6.994482e-11
1 4.900006e-11
2 3.456119e-11
3 2.406968e-11
4 1.623853e-11
5 1.045717e-11
6 6.370437e-12
7 3.663684e-12
8 1.998255e-12
9 1.043198e-12
10 5.267145e-13
11 2.596063e-13
12 1.258408e-13
13 6.032012e-14
14 2.870033e-14
15 1.180161e-10
16 8.160996e-11
17 5.732890e-11
18 4.023726e-11
19 2.765522e-11
20 1.828474e-11
21 1.148147e-11
22 6.804304e-12
23 3.810294e-12
24 2.030874e-12
25 1.041196e-12
26 5.186418e-13
27 2.531951e-13
28 1.219219e-13
29 5.817616e-14
30 1.421776e-10
31 9.762371e-11
32 6.830695e-11
33 4.799429e-11
34 3.319924e-11
35 2.219015e-11
36 1.411953e-11
37 8.479468e-12
38 4.802795e-12
39 2.582841e-12
40 1.332643e-12
41 6.667766e-13
42 3.264593e-13
43 1.574942e-13
44 7.524093e-14
45 1.628456e-10
46 1.117161e-10
47 7.818639e-11
48 5.502713e-11
49 3.816412e-11
50 2.557944e-11
51 1.632171e-11
52 9.830188e-12
53 5.583423e-12
54 3.009966e-12
55 1.555974e-12
56 7.795613e-13
57 3.820286e-13
58 1.844154e-13
59 8.813138e-14
60 2.804193e-10
61 1.883575e-10
62 1.294553e-10
63 9.043143e-11
64 6.320862e-11
65 4.335404e-11
66 2.865640e-11
67 1.801257e-11
68 1.069729e-11
69 6.006842e-12
70 3.211000e-12
71 1.650142e-12
72 8.233901e-13
73 4.023377e-13
74 1.937911e-13
75 4.656617e-10
76 3.076618e-10
77 2.076187e-10
78 1.429104e-10
79 9.961747e-11
80 6.916024e-11
81 4.690236e-11
82 3.055055e-11
83 1.890485e-11
84 1.106655e-11
85 6.140778e-12
86 3.252499e-12
87 1.659755e-12
88 8.238224e-13
89 4.009354e-13
90 5.812911e-10
91 3.828967e-10
92 2.575674e-10
93 1.767202e-10
94 1.231297e-10
95 8.569140e-11
96 5.841291e-11
97 3.832269e-11
98 2.390716e-11
99 1.410310e-11
100 7.878316e-12
101 4.194806e-12
102 2.148915e-12
103 1.069449e-12
104 5.213847e-13
105 1.641419e-09
106 1.094345e-09
107 7.146150e-10
108 4.707314e-10
109 3.152886e-10
110 2.159054e-10
111 1.496412e-10
112 1.031674e-10
113 6.942407e-11
114 4.487212e-11
115 2.754968e-11
116 1.599269e-11
117 8.797158e-12
118 4.619529e-12
119 2.338856e-12
120 2.525488e-09
121 1.709476e-09
122 1.116773e-09
123 7.293435e-10
124 4.834015e-10
125 3.279329e-10
126 2.265329e-10
127 1.569961e-10
128 1.070423e-10
129 7.050507e-11
130 4.425476e-11
131 2.627689e-11
132 1.475043e-11
133 7.873773e-12
134 4.034737e-12
135 4.506149e-09
136 3.130266e-09
137 2.080657e-09
138 1.348059e-09
139 8.825624e-10
140 5.876312e-10
141 4.006190e-10
142 2.771646e-10
143 1.911800e-10
144 1.288665e-10
145 8.347636e-11
146 5.137341e-11
147 2.988481e-11
148 1.646361e-11
149 8.648801e-12
