0 2.269814e-09
1 1.686752e-09
2 1.236499e-09
3 9.047718e-10
4 6.667235e-10
5 4.958447e-10
6 3.729205e-10
7 2.830399e-10
8 2.156455e-10
9 1.637948e-10
10 1.231327e-10
11 9.103978e-11
12 6.579724e-11
13 4.632403e-11
14 3.170152e-11
15 2.107919e-11
16 1.363263e-11
17 8.596643e-12
18 5.303239e-12
19 3.212069e-12
20 3.741886e-09
21 2.820387e-09
22 2.082698e-09
23 1.518925e-09
24 1.109437e-09
25 8.165288e-10
26 6.068590e-10
27 4.564820e-10
28 3.463775e-10
29 2.636760e-10
30 1.998956e-10
31 1.498330e-10
32 1.103181e-10
33 7.935453e-11
34 5.556483e-11
35 3.780818e-11
36 2.498950e-11
37 1.606847e-11
38 1.007738e-11
39 6.185830e-12
40 4.292664e-09
41 3.251155e-09
42 2.409799e-09
43 1.759400e-09
44 1.282400e-09
45 9.412448e-10
46 6.972204e-10
47 5.226295e-10
48 3.956549e-10
49 3.009313e-10
50 2.284299e-10
51 1.717316e-10
52 1.270230e-10
53 9.189071e-11
54 6.476265e-11
55 4.436973e-11
56 2.952789e-11
57 1.910879e-11
58 1.205288e-11
59 7.433868e-12
60 4.604172e-09
61 3.494260e-09
62 2.594853e-09
63 1.895487e-09
64 1.380548e-09
65 1.012057e-09
66 7.484498e-10
67 5.601344e-10
68 4.235867e-10
69 3.221135e-10
70 2.446294e-10
71 1.841455e-10
72 1.364637e-10
73 9.898233e-11
74 6.996821e-11
75 4.809001e-11
76 3.210381e-11
77 2.083622e-11
78 1.317671e-11
79 8.144528e-12
80 4.815927e-09
81 3.660026e-09
82 2.720775e-09
83 1.988135e-09
84 1.447155e-09
85 1.060144e-09
86 7.832017e-10
87 5.855763e-10
88 4.425187e-10
89 3.364301e-10
90 2.555501e-10
91 1.925883e-10
92 1.428903e-10
93 1.037900e-10
94 7.351208e-11
95 5.061580e-11
96 3.384901e-11
97 2.200721e-11
98 1.393787e-11
99 8.625776e-12
100 4.976816e-09
101 3.785731e-09
102 2.816813e-09
103 2.058461e-09
104 1.497933e-09
105 1.096630e-09
106 8.096614e-10
107 6.049605e-10
108 4.569686e-10
109 3.473712e-10
110 2.639490e-10
111 1.989902e-10
112 1.477577e-10
113 1.074680e-10
114 7.619822e-11
115 5.253587e-11
116 3.517874e-11
117 2.289831e-11
118 1.451736e-11
119 8.992616e-12
120 5.108382e-09
121 3.888136e-09
122 2.894548e-09
123 2.115756e-09
124 1.539129e-09
125 1.126506e-09
126 8.312982e-10
127 6.207785e-10
128 4.687163e-10
129 3.562975e-10
130 2.708042e-10
131 2.042500e-10
132 1.517705e-10
133 1.104664e-10
134 7.839603e-11
135 5.411006e-11
136 3.627197e-11
137 2.363090e-11
138 1.499090e-11
139 9.292011e-12
140 5.215106e-09
141 3.972168e-09
142 2.959139e-09
143 2.163226e-09
144 1.573395e-09
145 1.151025e-09
146 8.490567e-10
147 6.335909e-10
148 4.784606e-10
149 3.635096e-10
150 2.763059e-10
151 2.084564e-10
152 1.549881e-10
153 1.128804e-10
154 8.017507e-11
155 5.537311e-11
156 3.714611e-11
157 2.422636e-11
158 1.538111e-11
159 9.538949e-12
160 5.308386e-09
161 4.044459e-09
162 3.013750e-09
163 2.203423e-09
164 1.602533e-09
165 1.171989e-09
166 8.641499e-10
167 6.448578e-10
168 4.866659e-10
169 3.698847e-10
170 2.811232e-10
171 2.121557e-10
172 1.578232e-10
173 1.150100e-10
174 8.173695e-11
175 5.648666e-11
176 3.791721e-11
177 2.473430e-11
178 1.571126e-11
179 9.747618e-12
180 5.428607e-09
181 4.138201e-09
182 3.085220e-09
183 2.255840e-09
184 1.640066e-09
185 1.199140e-09
186 8.838637e-10
187 6.593149e-10
188 4.975768e-10
189 3.779722e-10
190 2.874158e-10
191 2.169683e-10
192 1.614643e-10
193 1.177422e-10
194 8.374038e-11
195 5.792049e-11
196 3.891023e-11
197 2.540149e-11
198 1.614562e-11
199 1.002244e-11
200 7.507383e-09
201 5.789208e-09
202 4.367079e-09
203 3.214375e-09
204 2.331130e-09
205 1.694417e-09
206 1.239711e-09
207 9.163283e-10
208 6.860355e-10
209 5.189465e-10
210 3.945412e-10
211 2.992257e-10
212 2.246402e-10
213 1.658127e-10
214 1.196488e-10
215 8.408141e-11
216 5.740269e-11
217 3.805584e-11
218 2.452675e-11
219 1.540513e-11
220 9.450529e-09
221 7.345510e-09
222 5.593411e-09
223 4.154515e-09
224 3.020423e-09
225 2.187051e-09
226 1.593189e-09
227 1.169095e-09
228 8.693345e-10
229 6.539806e-10
230 4.957778e-10
231 3.762761e-10
232 2.837375e-10
233 2.109659e-10
234 1.537332e-10
235 1.092821e-10
236 7.554619e-11
237 5.072167e-11
238 3.308635e-11
239 2.100793e-11
240 1.061701e-08
241 8.281904e-09
242 6.331978e-09
243 4.723858e-09
244 3.442226e-09
245 2.488599e-09
246 1.809344e-09
247 1.323842e-09
248 9.809571e-10
249 7.358861e-10
250 5.570318e-10
251 4.227500e-10
252 3.192458e-10
253 2.380881e-10
254 1.742421e-10
255 1.244864e-10
256 8.653946e-11
257 5.843287e-11
258 3.832883e-11
259 2.446174e-11
260 1.141410e-08
261 8.922642e-09
262 6.838497e-09
263 5.113419e-09
264 3.729718e-09
265 2.695014e-09
266 1.957395e-09
267 1.430004e-09
268 1.057514e-09
269 7.920709e-10
270 5.989885e-10
271 4.545965e-10
272 3.435685e-10
273 2.566775e-10
274 1.882787e-10
275 1.348964e-10
276 9.406575e-11
277 6.372487e-11
278 4.192921e-11
279 2.683448e-11
280 1.202232e-08
281 9.411511e-09
282 7.224831e-09
283 5.410300e-09
284 3.949396e-09
285 2.852582e-09
286 2.070085e-09
287 1.510933e-09
288 1.115979e-09
289 8.348917e-10
290 6.309819e-10
291 4.788523e-10
292 3.620987e-10
293 2.708120e-10
294 1.989595e-10
295 1.428174e-10
296 9.979498e-11
297 6.774798e-11
298 4.466674e-11
299 2.863883e-11
300 1.251711e-08
301 9.808398e-09
302 7.538308e-09
303 5.652745e-09
304 4.128609e-09
305 2.981153e-09
306 2.162076e-09
307 1.576906e-09
308 1.163251e-09
309 8.696797e-10
310 6.569441e-10
311 4.985416e-10
312 3.771901e-10
313 2.823272e-10
314 2.076697e-10
315 1.492753e-10
316 1.044671e-10
317 7.102274e-11
318 4.689520e-11
319 3.010757e-11
320 1.292203e-08
321 1.013455e-08
322 7.795238e-09
323 5.850334e-09
324 4.275491e-09
325 3.086254e-09
326 2.237191e-09
327 1.630356e-09
328 1.202124e-09
329 8.981750e-10
330 6.781842e-10
331 5.146355e-10
332 3.895153e-10
333 2.917507e-10
334 2.147887e-10
335 1.545481e-10
336 1.082779e-10
337 7.370490e-11
338 4.872034e-11
339 3.131193e-11
340 1.327095e-08
341 1.041410e-08
342 8.017453e-09
343 6.021792e-09
344 4.401381e-09
345 3.176683e-09
346 2.302059e-09
347 1.676985e-09
348 1.235632e-09
349 9.227281e-10
350 6.965689e-10
351 5.286023e-10
352 4.001671e-10
353 2.998803e-10
354 2.209271e-10
355 1.591077e-10
356 1.115778e-10
357 7.602021e-11
358 5.029499e-11
359 3.234707e-11
360 1.372051e-08
361 1.077628e-08
362 8.302277e-09
363 6.241534e-09
364 4.564045e-09
365 3.293293e-09
366 2.385940e-09
367 1.737072e-09
368 1.278887e-09
369 9.543562e-10
370 7.202476e-10
371 5.464943e-10
372 4.139158e-10
373 3.103852e-10
374 2.288611e-10
375 1.649960e-10
376 1.158357e-10
377 7.901326e-11
378 5.231884e-11
379 3.368301e-11
380 1.280151e-08
381 1.005953e-08
382 7.754672e-09
383 5.845432e-09
384 4.292216e-09
385 3.100731e-09
386 2.245403e-09
387 1.635460e-09
388 1.202352e-09
389 8.956510e-10
390 6.744099e-10
391 5.107102e-10
392 3.861743e-10
393 2.893339e-10
394 2.133239e-10
395 1.539231e-10
396 1.082422e-10
397 7.401028e-11
398 4.916355e-11
399 3.175146e-11
400 1.506316e-08
401 1.191100e-08
402 9.233760e-09
403 7.010879e-09
404 5.184572e-09
405 3.751109e-09
406 2.707454e-09
407 1.966149e-09
408 1.437353e-09
409 1.065055e-09
410 7.983268e-10
411 6.030344e-10
412 4.560248e-10
413 3.425810e-10
414 2.538560e-10
415 1.844196e-10
416 1.307636e-10
417 9.022737e-11
418 6.050020e-11
419 3.943240e-11
420 1.665973e-08
421 1.321705e-08
422 1.028032e-08
423 7.836630e-09
424 5.818505e-09
425 4.216121e-09
426 3.038556e-09
427 2.202448e-09
428 1.605607e-09
429 1.185864e-09
430 8.866046e-10
431 6.686821e-10
432 5.055430e-10
433 3.802731e-10
434 2.825209e-10
435 2.060091e-10
436 1.467256e-10
437 1.017467e-10
438 6.857741e-11
439 4.492266e-11
440 1.787676e-08
441 1.421652e-08
442 1.108354e-08
443 8.468050e-09
444 6.303366e-09
445 4.571951e-09
446 3.291695e-09
447 2.383523e-09
448 1.734416e-09
449 1.278298e-09
450 9.539624e-10
451 7.187407e-10
452 5.433462e-10
453 4.090684e-10
454 3.044191e-10
455 2.224975e-10
456 1.589191e-10
457 1.105475e-10
458 7.475139e-11
459 4.912090e-11
460 1.886845e-08
461 1.503254e-08
462 1.173627e-08
463 8.982545e-09
464 6.698542e-09
465 4.861873e-09
466 3.498189e-09
467 2.531275e-09
468 1.839062e-09
469 1.353680e-09
470 1.009038e-09
471 7.596029e-10
472 5.741992e-10
473 4.325528e-10
474 3.222784e-10
475 2.359411e-10
476 1.688627e-10
477 1.177237e-10
478 7.978486e-11
479 5.254400e-11
480 1.968002e-08
481 1.570057e-08
482 1.227000e-08
483 9.403132e-09
484 7.021847e-09
485 5.099246e-09
486 3.667099e-09
487 2.651594e-09
488 1.925101e-09
489 1.415393e-09
490 1.054033e-09
491 7.930290e-10
492 5.994039e-10
493 4.517219e-10
494 3.368500e-10
495 2.469157e-10
496 1.769797e-10
497 1.235802e-10
498 8.389236e-11
499 5.533750e-11
500 2.038096e-08
501 1.627480e-08
502 1.273045e-08
503 9.767688e-09
504 7.300336e-09
505 5.304566e-09
506 3.813062e-09
507 2.756026e-09
508 1.999273e-09
509 1.468514e-09
510 1.092788e-09
511 8.219576e-10
512 6.212313e-10
513 4.683193e-10
514 3.494810e-10
515 2.564266e-10
516 1.840131e-10
517 1.286571e-10
518 8.745464e-11
519 5.776007e-11
520 2.128157e-08
521 1.701647e-08
522 1.332410e-08
523 1.023504e-08
524 7.659734e-09
525 5.567828e-09
526 4.000563e-09
527 2.890227e-09
528 2.094565e-09
529 1.537027e-09
530 1.142758e-09
531 8.590080e-10
532 6.492501e-10
533 4.896401e-10
534 3.656905e-10
535 2.686334e-10
536 1.930386e-10
537 1.351754e-10
538 9.202519e-11
539 6.086948e-11
540 1.844175e-08
541 1.471545e-08
542 1.149421e-08
543 8.805131e-09
544 6.582617e-09
545 4.792951e-09
546 3.448873e-09
547 2.494555e-09
548 1.812363e-09
549 1.332046e-09
550 9.911579e-10
551 7.450003e-10
552 5.623507e-10
553 4.231929e-10
554 3.151994e-10
555 2.308335e-10
556 1.653695e-10
557 1.154758e-10
558 7.843012e-11
559 5.178511e-11
560 2.098163e-08
561 1.684645e-08
562 1.322186e-08
563 1.017941e-08
564 7.657897e-09
565 5.604792e-09
566 4.031580e-09
567 2.908069e-09
568 2.107053e-09
569 1.540310e-09
570 1.141066e-09
571 8.545787e-10
572 6.438494e-10
573 4.846887e-10
574 3.618719e-10
575 2.661450e-10
576 1.917621e-10
577 1.348230e-10
578 9.226061e-11
579 6.139012e-11
580 2.295304e-08
581 1.850737e-08
582 1.457196e-08
583 1.125370e-08
584 8.499479e-09
585 6.241516e-09
586 4.490576e-09
587 3.233270e-09
588 2.338564e-09
589 1.704214e-09
590 1.258608e-09
591 9.403238e-10
592 7.075997e-10
593 5.327039e-10
594 3.982758e-10
595 2.936745e-10
596 2.123453e-10
597 1.499254e-10
598 1.030732e-10
599 6.891443e-11
600 2.457008e-08
601 1.986539e-08
602 1.567491e-08
603 1.213250e-08
604 9.187567e-09
605 6.762329e-09
606 4.865736e-09
607 3.499797e-09
608 2.528203e-09
609 1.838363e-09
610 1.355114e-09
611 1.010563e-09
612 7.597331e-10
613 5.720049e-10
614 4.280676e-10
615 3.161991e-10
616 2.291888e-10
617 1.622848e-10
618 1.119233e-10
619 7.507461e-11
620 2.588897e-08
621 2.097584e-08
622 1.657749e-08
623 1.285023e-08
624 9.751246e-09
625 7.188757e-09
626 5.173237e-09
627 3.717185e-09
628 2.683511e-09
629 1.948487e-09
630 1.433769e-09
631 1.068047e-09
632 8.023926e-10
633 6.041118e-10
634 4.523995e-10
635 3.346010e-10
636 2.429495e-10
637 1.723798e-10
638 1.191533e-10
639 8.010702e-11
640 2.702605e-08
641 2.193493e-08
642 1.735595e-08
643 1.347225e-08
644 1.023770e-08
645 7.557193e-09
646 5.438635e-09
647 3.905632e-09
648 2.817272e-09
649 2.042910e-09
650 1.501729e-09
651 1.117649e-09
652 8.392255e-10
653 6.318237e-10
654 4.734089e-10
655 3.504872e-10
656 2.548271e-10
657 1.810952e-10
658 1.253949e-10
659 8.445162e-11
660 2.849171e-08
661 2.316710e-08
662 1.835864e-08
663 1.427090e-08
664 1.086285e-08
665 8.029825e-09
666 5.779675e-09
667 4.147863e-09
668 2.989552e-09
669 2.164764e-09
670 1.589216e-09
671 1.181387e-09
672 8.865717e-10
673 6.674797e-10
674 5.004136e-10
675 3.709102e-10
676 2.700955e-10
677 1.923015e-10
678 1.334194e-10
679 9.003683e-11
680 2.448961e-08
681 1.984311e-08
682 1.567813e-08
683 1.214455e-08
684 9.209425e-09
685 6.797613e-09
686 4.901392e-09
687 3.521621e-09
688 2.544635e-09
689 1.848016e-09
690 1.360340e-09
691 1.012783e-09
692 7.603099e-10
693 5.717962e-10
694 4.276917e-10
695 3.159548e-10
696 2.291709e-10
697 1.624812e-10
698 1.122615e-10
699 7.547095e-11
700 2.733762e-08
701 2.229539e-08
702 1.769946e-08
703 1.376723e-08
704 1.049233e-08
705 7.789175e-09
706 5.631811e-09
707 4.038534e-09
708 2.912231e-09
709 2.106883e-09
710 1.543907e-09
711 1.144674e-09
712 8.568652e-10
713 6.436541e-10
714 4.817909e-10
715 3.568174e-10
716 2.598613e-10
717 1.852148e-10
718 1.287595e-10
719 8.714296e-11
720 2.969649e-08
721 2.432538e-08
722 1.937888e-08
723 1.511610e-08
724 1.155910e-08
725 8.613949e-09
726 6.241311e-09
727 4.470735e-09
728 3.218948e-09
729 2.323315e-09
730 1.697243e-09
731 1.254778e-09
732 9.372604e-10
733 7.034019e-10
734 5.267224e-10
735 3.907282e-10
736 2.853278e-10
737 2.040843e-10
738 1.424635e-10
739 9.684932e-11
740 3.162219e-08
741 2.598628e-08
742 2.075200e-08
743 1.621836e-08
744 1.243204e-08
745 9.289285e-09
746 6.740070e-09
747 4.823442e-09
748 3.470097e-09
749 2.500807e-09
750 1.822612e-09
751 1.344753e-09
752 1.002986e-09
753 7.522688e-10
754 5.634553e-10
755 4.184545e-10
756 3.061475e-10
757 2.195072e-10
758 1.536642e-10
759 1.047830e-10
760 3.328720e-08
761 2.742532e-08
762 2.194160e-08
763 1.717653e-08
764 1.318915e-08
765 9.874610e-09
766 7.172838e-09
767 5.130673e-09
768 3.687745e-09
769 2.653955e-09
770 1.931280e-09
771 1.422828e-09
772 1.060016e-09
773 7.946192e-10
774 5.952982e-10
775 4.424820e-10
776 3.241873e-10
777 2.328734e-10
778 1.633740e-10
779 1.116611e-10
780 3.543252e-08
781 2.927421e-08
782 2.347245e-08
783 1.840588e-08
784 1.416056e-08
785 1.062602e-08
786 7.728729e-09
787 5.525085e-09
788 3.967731e-09
789 2.851373e-09
790 2.071058e-09
791 1.523048e-09
792 1.133255e-09
793 8.490221e-10
794 6.361764e-10
795 4.733349e-10
796 3.473519e-10
797 2.500396e-10
798 1.758425e-10
799 1.204935e-10
800 3.110559e-08
801 2.559464e-08
802 2.046111e-08
803 1.599924e-08
804 1.226615e-08
805 9.176268e-09
806 6.673763e-09
807 4.779720e-09
808 3.436482e-09
809 2.477248e-09
810 1.803963e-09
811 1.329754e-09
812 9.907285e-10
813 7.422330e-10
814 5.554503e-10
815 4.122717e-10
816 3.015580e-10
817 2.162527e-10
818 1.514693e-10
819 1.033869e-10
820 3.432541e-08
821 2.842831e-08
822 2.284656e-08
823 1.793659e-08
824 1.380837e-08
825 1.038390e-08
826 7.587128e-09
827 5.434928e-09
828 3.898089e-09
829 2.804241e-09
830 2.032928e-09
831 1.492211e-09
832 1.107708e-09
833 8.280324e-10
834 6.193099e-10
835 4.602004e-10
836 3.375397e-10
837 2.430483e-10
838 1.711145e-10
839 1.174804e-10
840 3.697979e-08
841 3.077532e-08
842 2.482182e-08
843 1.954037e-08
844 1.508547e-08
845 1.138510e-08
846 8.344899e-09
847 5.978711e-09
848 4.281950e-09
849 3.076344e-09
850 2.223069e-09
851 1.627213e-09
852 1.204887e-09
853 8.991087e-10
854 6.721383e-10
855 4.998280e-10
856 3.672786e-10
857 2.651858e-10
858 1.873448e-10
859 1.291305e-10
860 3.927705e-08
861 3.280399e-08
862 2.653137e-08
863 2.093180e-08
864 1.619333e-08
865 1.225294e-08
866 9.002250e-09
867 6.450951e-09
868 4.614761e-09
869 3.312009e-09
870 2.387960e-09
871 1.744250e-09
872 1.288962e-09
873 9.607138e-10
874 7.179344e-10
875 5.341678e-10
876 3.930444e-10
877 2.843670e-10
878 2.014104e-10
879 1.392267e-10
880 4.223921e-08
881 3.541910e-08
882 2.873134e-08
883 2.272125e-08
884 1.761740e-08
885 1.336907e-08
886 9.847800e-09
887 7.059764e-09
888 5.043448e-09
889 3.615183e-09
890 2.600333e-09
891 1.894843e-09
892 1.397316e-09
893 1.039996e-09
894 7.768341e-10
895 5.783389e-10
896 4.261868e-10
897 3.090435e-10
898 2.195044e-10
899 1.522160e-10
900 3.846937e-08
901 3.215028e-08
902 2.602495e-08
903 2.054239e-08
904 1.589268e-08
905 1.202860e-08
906 8.850971e-09
907 6.355012e-09
908 4.543874e-09
909 3.262466e-09
910 2.351899e-09
911 1.716997e-09
912 1.267734e-09
913 9.439618e-10
914 7.047441e-10
915 5.239170e-10
916 3.852645e-10
917 2.786466e-10
918 1.973509e-10
919 1.364637e-10
920 4.197782e-08
921 3.531335e-08
922 2.874240e-08
923 2.277926e-08
924 1.768630e-08
925 1.344490e-08
926 9.943059e-09
927 7.155357e-09
928 5.107236e-09
929 3.661638e-09
930 2.630071e-09
931 1.912481e-09
932 1.406378e-09
933 1.044028e-09
934 7.781853e-10
935 5.785144e-10
936 4.260693e-10
937 3.090511e-10
938 2.197669e-10
939 1.527076e-10
940 4.502547e-08
941 3.807103e-08
942 3.111287e-08
943 2.473472e-08
944 1.925402e-08
945 1.468321e-08
946 1.089813e-08
947 7.857018e-09
948 5.601331e-09
949 4.010738e-09
950 2.874062e-09
951 2.083678e-09
952 1.527757e-09
953 1.131557e-09
954 8.423680e-10
955 6.261816e-10
956 4.616701e-10
957 3.355706e-10
958 2.393197e-10
959 1.668786e-10
960 4.896778e-08
961 4.162338e-08
962 3.417124e-08
963 2.725538e-08
964 2.127508e-08
965 1.627981e-08
966 1.213023e-08
967 8.763290e-09
968 6.239170e-09
969 4.461567e-09
970 3.188907e-09
971 2.304604e-09
972 1.684328e-09
973 1.244416e-09
974 9.251318e-10
975 6.876403e-10
976 5.075667e-10
977 3.697619e-10
978 2.645279e-10
979 1.851511e-10
980 4.637229e-08
981 3.934499e-08
982 3.226024e-08
983 2.571179e-08
984 2.005197e-08
985 1.532188e-08
986 1.140643e-08
987 8.247687e-09
988 5.879213e-09
989 4.205450e-09
990 3.010815e-09
991 2.177444e-09
992 1.592516e-09
993 1.176934e-09
994 8.746773e-10
995 6.496143e-10
996 4.789253e-10
997 3.483863e-10
998 2.488388e-10
999 1.738978e-10
1000 5.027361e-08
1001 4.294422e-08
1002 3.541428e-08
1003 2.835097e-08
1004 2.218589e-08
1005 1.701656e-08
1006 1.272858e-08
1007 9.240227e-09
1008 6.584249e-09
1009 4.700857e-09
1010 3.358514e-09
1011 2.418806e-09
1012 1.761878e-09
1013 1.297383e-09
1014 9.618046e-10
1015 7.135945e-10
1016 5.263592e-10
1017 3.836249e-10
1018 2.748690e-10
1019 1.928776e-10
1020 5.533516e-08
1021 4.760141e-08
1022 3.950456e-08
1023 3.177386e-08
1024 2.495721e-08
1025 1.921904e-08
1026 1.444910e-08
1027 1.053312e-08
1028 7.503629e-09
1029 5.345987e-09
1030 3.811665e-09
1031 2.733137e-09
1032 1.982412e-09
1033 1.454098e-09
1034 1.075119e-09
1035 7.967286e-10
1036 5.879521e-10
1037 4.293646e-10
1038 3.086468e-10
1039 2.175087e-10
1040 5.510190e-08
1041 4.745602e-08
1042 3.944126e-08
1043 3.176846e-08
1044 2.497416e-08
1045 1.924074e-08
1046 1.447805e-08
1047 1.057447e-08
1048 7.544784e-09
1049 5.371718e-09
1050 3.831595e-09
1051 2.744700e-09
1052 1.989126e-09
1053 1.457212e-09
1054 1.076024e-09
1055 7.965521e-10
1056 5.873617e-10
1057 4.287423e-10
1058 3.081755e-10
1059 2.172413e-10
1060 6.147667e-08
1061 5.344249e-08
1062 4.478928e-08
1063 3.632969e-08
1064 2.870717e-08
1065 2.222318e-08
1066 1.682678e-08
1067 1.237176e-08
1068 8.846695e-09
1069 6.281899e-09
1070 4.472421e-09
1071 3.186671e-09
1072 2.296713e-09
1073 1.672804e-09
1074 1.229608e-09
1075 9.076048e-10
1076 6.687775e-10
1077 4.888327e-10
1078 3.524711e-10
1079 2.496273e-10
1080 7.006797e-08
1081 6.170988e-08
1082 5.237430e-08
1083 4.294123e-08
1084 3.421241e-08
1085 2.666140e-08
1086 2.034561e-08
1087 1.511126e-08
1088 1.088564e-08
1089 7.715505e-09
1090 5.477078e-09
1091 3.882916e-09
1092 2.775334e-09
1093 2.003287e-09
1094 1.460666e-09
1095 1.071741e-09
1096 7.870478e-10
1097 5.749822e-10
1098 4.155367e-10
1099 2.956894e-10
