0 3.338797e-09
1 2.498720e-09
2 1.832635e-09
3 1.333965e-09
4 9.771376e-10
5 7.214446e-10
6 5.389450e-10
7 4.074398e-10
8 3.103415e-10
9 2.366526e-10
10 1.793028e-10
11 1.339300e-10
12 9.803696e-11
13 6.997325e-11
14 4.855040e-11
15 3.269877e-11
16 2.138673e-11
17 1.361337e-11
18 8.460598e-12
19 5.153188e-12
20 4.626813e-09
21 3.503129e-09
22 2.589942e-09
23 1.883171e-09
24 1.371285e-09
25 1.006162e-09
26 7.448042e-10
27 5.590116e-10
28 4.239086e-10
29 3.231688e-10
30 2.458190e-10
31 1.851446e-10
32 1.371056e-10
33 9.924465e-11
34 6.993195e-11
35 4.785507e-11
36 3.178410e-11
37 2.051525e-11
38 1.289982e-11
39 7.933005e-12
40 5.071309e-09
41 3.851873e-09
42 2.856029e-09
43 2.077112e-09
44 1.510143e-09
45 1.106660e-09
46 8.171322e-10
47 6.118872e-10
48 4.633165e-10
49 3.530853e-10
50 2.687720e-10
51 2.028272e-10
52 1.506262e-10
53 1.094276e-10
54 7.741989e-11
55 5.320419e-11
56 3.548307e-11
57 2.298779e-11
58 1.450375e-11
59 8.943066e-12
60 5.349285e-09
61 4.069431e-09
62 3.021221e-09
63 2.198137e-09
64 1.596574e-09
65 1.169052e-09
66 8.622311e-10
67 6.449679e-10
68 4.880273e-10
69 3.716820e-10
70 2.830516e-10
71 2.138249e-10
72 1.590392e-10
73 1.157619e-10
74 8.208073e-11
75 5.652839e-11
76 3.778308e-11
77 2.452613e-11
78 1.550038e-11
79 9.570963e-12
80 5.555382e-09
81 4.231686e-09
82 3.144685e-09
83 2.288213e-09
84 1.660856e-09
85 1.215642e-09
86 8.956444e-10
87 6.694905e-10
88 5.061671e-10
89 3.855376e-10
90 2.937136e-10
91 2.220216e-10
92 1.653178e-10
93 1.204889e-10
94 8.555517e-11
95 5.901347e-11
96 3.950160e-11
97 2.567550e-11
98 1.624526e-11
99 1.004008e-11
100 5.724770e-09
101 4.364058e-09
102 3.245457e-09
103 2.361869e-09
104 1.713614e-09
105 1.253634e-09
106 9.231831e-10
107 6.895904e-10
108 5.212580e-10
109 3.968482e-10
110 3.024086e-10
111 2.287603e-10
112 1.704467e-10
113 1.243508e-10
114 8.839308e-11
115 6.104365e-11
116 4.090400e-11
117 2.661377e-11
118 1.685332e-11
119 1.042297e-11
120 5.872977e-09
121 4.480572e-09
122 3.334448e-09
123 2.426453e-09
124 1.759889e-09
125 1.287018e-09
126 9.470829e-10
127 7.072674e-10
128 5.342622e-10
129 4.068223e-10
130 3.100596e-10
131 2.346277e-10
132 1.749387e-10
133 1.277266e-10
134 9.087988e-11
135 6.281892e-11
136 4.213139e-11
137 2.743604e-11
138 1.738560e-11
139 1.075833e-11
140 6.015095e-09
141 4.591216e-09
142 3.418941e-09
143 2.488189e-09
144 1.804204e-09
145 1.318980e-09
146 9.703028e-10
147 7.241179e-10
148 5.468507e-10
149 4.163328e-10
150 3.173513e-10
151 2.402342e-10
152 1.792456e-10
153 1.309721e-10
154 9.326616e-11
155 6.452493e-11
156 4.331260e-11
157 2.822390e-11
158 1.789539e-11
159 1.108049e-11
160 6.162813e-09
161 4.707335e-09
162 3.507086e-09
163 2.552724e-09
164 1.850221e-09
165 1.352273e-09
166 9.941655e-10
167 7.416158e-10
168 5.598654e-10
169 4.262720e-10
170 3.249638e-10
171 2.460625e-10
172 1.837162e-10
173 1.343402e-10
174 9.575484e-11
175 6.630170e-11
176 4.453885e-11
177 2.904126e-11
178 1.842901e-11
179 1.141603e-11
180 6.374078e-09
181 4.873351e-09
182 3.633251e-09
183 2.644725e-09
184 1.915956e-09
185 1.399901e-09
186 1.028512e-09
187 7.667684e-10
188 5.786088e-10
189 4.405196e-10
190 3.358634e-10
191 2.544902e-10
192 1.901487e-10
193 1.391807e-10
194 9.930174e-11
195 6.883460e-11
196 4.628914e-11
197 3.021658e-11
198 1.918879e-11
199 1.189404e-11
200 7.230357e-09
201 5.566350e-09
202 4.189700e-09
203 3.073568e-09
204 2.223931e-09
205 1.618553e-09
206 1.185414e-09
207 8.775774e-10
208 6.583452e-10
209 4.989380e-10
210 3.797300e-10
211 2.881075e-10
212 2.161895e-10
213 1.593337e-10
214 1.147097e-10
215 8.036405e-11
216 5.466835e-11
217 3.609741e-11
218 2.316799e-11
219 1.449488e-11
220 8.331023e-09
221 6.444337e-09
222 4.880085e-09
223 3.599585e-09
224 2.605080e-09
225 1.890412e-09
226 1.381279e-09
227 1.017470e-09
228 7.602534e-10
229 5.743900e-10
230 4.366533e-10
231 3.316359e-10
232 2.496230e-10
233 1.848935e-10
234 1.339621e-10
235 9.453880e-11
236 6.481251e-11
237 4.312806e-11
238 2.788207e-11
239 1.755495e-11
240 9.022195e-09
241 6.995104e-09
242 5.313623e-09
243 3.929839e-09
244 2.844687e-09
245 2.061258e-09
246 1.503848e-09
247 1.105400e-09
248 8.242009e-10
249 6.217440e-10
250 4.723988e-10
251 3.589341e-10
252 2.705906e-10
253 2.009182e-10
254 1.460361e-10
255 1.034303e-10
256 7.118098e-11
257 4.754485e-11
258 3.084464e-11
259 1.947955e-11
260 9.535384e-09
261 7.404815e-09
262 5.635375e-09
263 4.175249e-09
264 3.022466e-09
265 2.187918e-09
266 1.595116e-09
267 1.170380e-09
268 8.716776e-10
269 6.569111e-10
270 4.989596e-10
271 3.792511e-10
272 2.862169e-10
273 2.128598e-10
274 1.550286e-10
275 1.100533e-10
276 7.591836e-11
277 5.083008e-11
278 3.304532e-11
279 2.090800e-11
280 9.956212e-09
281 7.740013e-09
282 5.898815e-09
283 4.375927e-09
284 3.168619e-09
285 2.291709e-09
286 1.670013e-09
287 1.224060e-09
288 9.106238e-10
289 6.857613e-10
290 5.207384e-10
291 3.958812e-10
292 2.989533e-10
293 2.225936e-10
294 1.623572e-10
295 1.154551e-10
296 7.978339e-11
297 5.350979e-11
298 3.484607e-11
299 2.207806e-11
300 1.032469e-08
301 8.034081e-09
302 6.130612e-09
303 4.552412e-09
304 3.295835e-09
305 2.383030e-09
306 1.735557e-09
307 1.270798e-09
308 9.448425e-10
309 7.110750e-10
310 5.397212e-10
311 4.104006e-10
312 3.101386e-10
313 2.311334e-10
314 1.687952e-10
315 1.201951e-10
316 8.318159e-11
317 5.586865e-11
318 3.642748e-11
319 2.310541e-11
320 1.067765e-08
321 8.315321e-09
322 6.351282e-09
323 4.722014e-09
324 3.418810e-09
325 2.470093e-09
326 1.798538e-09
327 1.315665e-09
328 9.774403e-10
329 7.352192e-10
330 5.579398e-10
331 4.243287e-10
332 3.208467e-10
333 2.393200e-10
334 1.749658e-10
335 1.247350e-10
336 8.643360e-11
337 5.812291e-11
338 3.793950e-11
339 2.408766e-11
340 1.104503e-08
341 8.608169e-09
342 6.581955e-09
343 4.896889e-09
344 3.545722e-09
345 2.561032e-09
346 1.863711e-09
347 1.362544e-09
348 1.011559e-09
349 7.605182e-10
350 5.769585e-10
351 4.388540e-10
352 3.320272e-10
353 2.478614e-10
354 1.813960e-10
355 1.294756e-10
356 8.982599e-11
357 6.047732e-11
358 3.951840e-11
359 2.511298e-11
360 1.157061e-08
361 9.028389e-09
362 6.912185e-09
363 5.148568e-09
364 3.727524e-09
365 2.690680e-09
366 1.957583e-09
367 1.429513e-09
368 1.060227e-09
369 7.965186e-10
370 6.040004e-10
371 4.595386e-10
372 3.478740e-10
373 2.599753e-10
374 1.905159e-10
375 1.361918e-10
376 9.463366e-11
377 6.380849e-11
378 4.176698e-11
379 2.657325e-11
380 9.964936e-09
381 7.757105e-09
382 5.920661e-09
383 4.407419e-09
384 3.203488e-09
385 2.315440e-09
386 1.686762e-09
387 1.234968e-09
388 9.170520e-10
389 6.889769e-10
390 5.221400e-10
391 3.964077e-10
392 2.992313e-10
393 2.228945e-10
394 1.627979e-10
395 1.160218e-10
396 8.041750e-11
397 5.412907e-11
398 3.538627e-11
399 2.250881e-11
400 1.104144e-08
401 8.622972e-09
402 6.607587e-09
403 4.942472e-09
404 3.602941e-09
405 2.599884e-09
406 1.890724e-09
407 1.380653e-09
408 1.021512e-09
409 7.651153e-10
410 5.787534e-10
411 4.392675e-10
412 3.319836e-10
413 2.479682e-10
414 1.818359e-10
415 1.302301e-10
416 9.077193e-11
417 6.145575e-11
418 4.040715e-11
419 2.583748e-11
420 1.184116e-08
421 9.267634e-09
422 7.118850e-09
423 5.341116e-09
424 3.899873e-09
425 2.811808e-09
426 2.041860e-09
427 1.488914e-09
428 1.099218e-09
429 8.218252e-10
430 6.208850e-10
431 4.711385e-10
432 3.563408e-10
433 2.666132e-10
434 1.959891e-10
435 1.407941e-10
436 9.846905e-11
437 6.690235e-11
438 4.414016e-11
439 2.831329e-11
440 1.249658e-08
441 9.795057e-09
442 7.537269e-09
443 5.667095e-09
444 4.143964e-09
445 2.985210e-09
446 2.166403e-09
447 1.577824e-09
448 1.162973e-09
449 8.683273e-10
450 6.554504e-10
451 4.972241e-10
452 3.762882e-10
453 2.818830e-10
454 2.075802e-10
455 1.494507e-10
456 1.047751e-10
457 7.136686e-11
458 4.720034e-11
459 3.034159e-11
460 1.307232e-08
461 1.025916e-08
462 7.906027e-09
463 5.953033e-09
464 4.357623e-09
465 3.138131e-09
466 2.275362e-09
467 1.655660e-09
468 1.219099e-09
469 9.091681e-10
470 6.858350e-10
471 5.201795e-10
472 3.938334e-10
473 2.952982e-10
474 2.177766e-10
475 1.570604e-10
476 1.103212e-10
477 7.529354e-11
478 4.989141e-11
479 3.212584e-11
480 1.362241e-08
481 1.070214e-08
482 8.256856e-09
483 6.228175e-09
484 4.562513e-09
485 3.283400e-09
486 2.379933e-09
487 1.730192e-09
488 1.272423e-09
489 9.480463e-10
490 7.147215e-10
491 5.420338e-10
492 4.105617e-10
493 3.081128e-10
494 2.275069e-10
495 1.643180e-10
496 1.156110e-10
497 7.903596e-11
498 5.245609e-11
499 3.382977e-11
500 1.419570e-08
501 1.116416e-08
502 8.623177e-09
503 6.513856e-09
504 4.775309e-09
505 3.435639e-09
506 2.488792e-09
507 1.807935e-09
508 1.328192e-09
509 9.887712e-10
510 7.448950e-10
511 5.648627e-10
512 4.280211e-10
513 3.214745e-10
514 2.376482e-10
515 1.718929e-10
516 1.211283e-10
517 8.294269e-11
518 5.513297e-11
519 3.560587e-11
520 1.501518e-08
521 1.182486e-08
522 9.146685e-09
523 6.921054e-09
524 5.079614e-09
525 3.652778e-09
526 2.644176e-09
527 1.919100e-09
528 1.407723e-09
529 1.046699e-09
530 7.880489e-10
531 5.974803e-10
532 4.528943e-10
533 3.405185e-10
534 2.521033e-10
535 1.826839e-10
536 1.289915e-10
537 8.850750e-11
538 5.894729e-11
539 3.813967e-11
540 1.247515e-08
541 9.787824e-09
542 7.535880e-09
543 5.671997e-09
544 4.157405e-09
545 2.999480e-09
546 2.174308e-09
547 1.584202e-09
548 1.165976e-09
549 8.697268e-10
550 6.557574e-10
551 4.969910e-10
552 3.758727e-10
553 2.815260e-10
554 2.073886e-10
555 1.494318e-10
556 1.048985e-10
557 7.157161e-11
558 4.743052e-11
559 3.055745e-11
560 1.357030e-08
561 1.067921e-08
562 8.246671e-09
563 6.231214e-09
564 4.583093e-09
565 3.307444e-09
566 2.392759e-09
567 1.741021e-09
568 1.277227e-09
569 9.502405e-10
570 7.148295e-10
571 5.412372e-10
572 4.094612e-10
573 3.071866e-10
574 2.269257e-10
575 1.641196e-10
576 1.157175e-10
577 7.933220e-11
578 5.283160e-11
579 3.419694e-11
580 1.446615e-08
581 1.140971e-08
582 8.828452e-09
583 6.688696e-09
584 4.933010e-09
585 3.560184e-09
586 2.571909e-09
587 1.869735e-09
588 1.368671e-09
589 1.016192e-09
590 7.633185e-10
591 5.774970e-10
592 4.369834e-10
593 3.282123e-10
594 2.429323e-10
595 1.761592e-10
596 1.245845e-10
597 8.569538e-11
598 5.726098e-11
599 3.718137e-11
600 1.525624e-08
601 1.205242e-08
602 9.341276e-09
603 7.091773e-09
604 5.239542e-09
605 3.782417e-09
606 2.729255e-09
607 1.982755e-09
608 1.448928e-09
609 1.074257e-09
610 8.058980e-10
611 6.093577e-10
612 4.611806e-10
613 3.466895e-10
614 2.570078e-10
615 1.867409e-10
616 1.323798e-10
617 9.128888e-11
618 6.115346e-11
619 3.980484e-11
620 1.600779e-08
621 1.266359e-08
622 9.829010e-09
623 7.476860e-09
624 5.532798e-09
625 3.994062e-09
626 2.879707e-09
627 2.090505e-09
628 1.525332e-09
629 1.129546e-09
630 8.465534e-10
631 6.397620e-10
632 4.842546e-10
633 3.643193e-10
634 2.704362e-10
635 1.968318e-10
636 1.398152e-10
637 9.662382e-11
638 6.486625e-11
639 4.230764e-11
640 1.679334e-08
641 1.330318e-08
642 1.033915e-08
643 7.878371e-09
644 5.838575e-09
645 4.215496e-09
646 3.036677e-09
647 2.203287e-09
648 1.605427e-09
649 1.187484e-09
650 8.890133e-10
651 6.715396e-10
652 5.083966e-10
653 3.827440e-10
654 2.844691e-10
655 2.073871e-10
656 1.475903e-10
657 1.022024e-10
658 6.874841e-11
659 4.492405e-11
660 1.791285e-08
661 1.421472e-08
662 1.106648e-08
663 8.449170e-09
664 6.274385e-09
665 4.531010e-09
666 3.260170e-09
667 2.363811e-09
668 1.719166e-09
669 1.269598e-09
670 9.495246e-10
671 7.167589e-10
672 5.426740e-10
673 4.089472e-10
674 3.044124e-10
675 2.223819e-10
676 1.586389e-10
677 1.101281e-10
678 7.426632e-11
679 4.864235e-11
680 1.495499e-08
681 1.181693e-08
682 9.158044e-09
683 6.951595e-09
684 5.139230e-09
685 3.715632e-09
686 2.681514e-09
687 1.948194e-09
688 1.423674e-09
689 1.055473e-09
690 7.914884e-10
691 5.981004e-10
692 4.523369e-10
693 3.398460e-10
694 2.518113e-10
695 1.829068e-10
696 1.296553e-10
697 8.942074e-11
698 5.993080e-11
699 3.903541e-11
700 1.610947e-08
701 1.276847e-08
702 9.920240e-09
703 7.554588e-09
704 5.606259e-09
705 4.059190e-09
706 2.924738e-09
707 2.122561e-09
708 1.547246e-09
709 1.143954e-09
710 8.558019e-10
711 6.457395e-10
712 4.882681e-10
713 3.671908e-10
714 2.726322e-10
715 1.986303e-10
716 1.413205e-10
717 9.787947e-11
718 6.588646e-11
719 4.310171e-11
720 1.712625e-08
721 1.360535e-08
722 1.059183e-08
723 8.085419e-09
724 6.016206e-09
725 4.361894e-09
726 3.138188e-09
727 2.275491e-09
728 1.655832e-09
729 1.221744e-09
730 9.122572e-10
731 6.876527e-10
732 5.198369e-10
733 3.912079e-10
734 2.909306e-10
735 2.124441e-10
736 1.515733e-10
737 1.053113e-10
738 7.112186e-11
739 4.667618e-11
740 1.809681e-08
741 1.440372e-08
742 1.123218e-08
743 8.591801e-09
744 6.407308e-09
745 4.649121e-09
746 3.342663e-09
747 2.421660e-09
748 1.759306e-09
749 1.296087e-09
750 9.662235e-10
751 7.274991e-10
752 5.499786e-10
753 4.141365e-10
754 3.083978e-10
755 2.256261e-10
756 1.613595e-10
757 1.124032e-10
758 7.611856e-11
759 5.008809e-11
760 1.910719e-08
761 1.523574e-08
762 1.189913e-08
763 9.120673e-09
764 6.815981e-09
765 4.950456e-09
766 3.555677e-09
767 2.574088e-09
768 1.867401e-09
769 1.373594e-09
770 1.022587e-09
771 7.693893e-10
772 5.814576e-10
773 4.381134e-10
774 3.266549e-10
775 2.394158e-10
776 1.715935e-10
777 1.198245e-10
778 8.134399e-11
779 5.365532e-11
780 2.055050e-08
781 1.642371e-08
782 1.285244e-08
783 9.873197e-09
784 7.397730e-09
785 5.379498e-09
786 3.859105e-09
787 2.791688e-09
788 2.021340e-09
789 1.483956e-09
790 1.102829e-09
791 8.287795e-10
792 6.261734e-10
793 4.721327e-10
794 3.525582e-10
795 2.589753e-10
796 1.861135e-10
797 1.303467e-10
798 8.875800e-11
799 5.871922e-11
800 1.753488e-08
801 1.395235e-08
802 1.087449e-08
803 8.311788e-09
804 6.196665e-09
805 4.500671e-09
806 3.238342e-09
807 2.345896e-09
808 1.705964e-09
809 1.256905e-09
810 9.372311e-10
811 7.056678e-10
812 5.331120e-10
813 4.011809e-10
814 2.984956e-10
815 2.182034e-10
816 1.559248e-10
817 1.085415e-10
818 7.346793e-11
819 4.833023e-11
820 1.880140e-08
821 1.500846e-08
822 1.172766e-08
823 8.988693e-09
824 6.724548e-09
825 4.896841e-09
826 3.519893e-09
827 2.546052e-09
828 1.848528e-09
829 1.358178e-09
830 1.010139e-09
831 7.592885e-10
832 5.732028e-10
833 4.315246e-10
834 3.215791e-10
835 2.356653e-10
836 1.689533e-10
837 1.180642e-10
838 8.024102e-11
839 5.300921e-11
840 2.001192e-08
841 1.601536e-08
842 1.254090e-08
843 9.634799e-09
844 7.228439e-09
845 5.273376e-09
846 3.789015e-09
847 2.737658e-09
848 1.984734e-09
849 1.454725e-09
850 1.079851e-09
851 8.103185e-10
852 6.114996e-10
853 4.605171e-10
854 3.436319e-10
855 2.523461e-10
856 1.814031e-10
857 1.271591e-10
858 8.671558e-11
859 5.748012e-11
860 2.127719e-08
861 1.707044e-08
862 1.339147e-08
863 1.030992e-08
864 7.755342e-09
865 5.668192e-09
866 4.069985e-09
867 2.937560e-09
868 2.127094e-09
869 1.555856e-09
870 1.152684e-09
871 8.639245e-10
872 6.515027e-10
873 4.908379e-10
874 3.666856e-10
875 2.697950e-10
876 1.944234e-10
877 1.366773e-10
878 9.348615e-11
879 6.215911e-11
880 2.307417e-08
881 1.856822e-08
882 1.460052e-08
883 1.126944e-08
884 8.505081e-09
885 6.230139e-09
886 4.469569e-09
887 3.221839e-09
888 2.329349e-09
889 1.699323e-09
890 1.256288e-09
891 9.399838e-10
892 7.083033e-10
893 5.338334e-10
894 3.993786e-10
895 2.945341e-10
896 2.128877e-10
897 1.501670e-10
898 1.030877e-10
899 6.878912e-11
900 2.034071e-08
901 1.630476e-08
902 1.278028e-08
903 9.827347e-09
904 7.383488e-09
905 5.396510e-09
906 3.879117e-09
907 2.800128e-09
908 2.029871e-09
909 1.485857e-09
910 1.101873e-09
911 8.261080e-10
912 6.228250e-10
913 4.689123e-10
914 3.499491e-10
915 2.571520e-10
916 1.850449e-10
917 1.298942e-10
918 8.872950e-11
919 5.892552e-11
920 2.182795e-08
921 1.755743e-08
922 1.379906e-08
923 1.064019e-08
924 8.021294e-09
925 5.881142e-09
926 4.229260e-09
927 3.047429e-09
928 2.206425e-09
929 1.610189e-09
930 1.191022e-09
931 8.909784e-10
932 6.709469e-10
933 5.051253e-10
934 3.774126e-10
935 2.779349e-10
936 2.006188e-10
937 1.413498e-10
938 9.695273e-11
939 6.466652e-11
940 2.338106e-08
941 1.886956e-08
942 1.486613e-08
943 1.148967e-08
944 8.688642e-09
945 6.387973e-09
946 4.594678e-09
947 3.305959e-09
948 2.391129e-09
949 1.740212e-09
950 1.284187e-09
951 9.588205e-10
952 7.212085e-10
953 5.429755e-10
954 4.061083e-10
955 2.996672e-10
956 2.168980e-10
957 1.533274e-10
958 1.055511e-10
959 7.066912e-11
960 2.558983e-08
961 2.073453e-08
962 1.638308e-08
963 1.269904e-08
964 9.638541e-09
965 7.111534e-09
966 5.115001e-09
967 3.673743e-09
968 2.653612e-09
969 1.925113e-09
970 1.416884e-09
971 1.055400e-09
972 7.927567e-10
973 5.968009e-10
974 4.469092e-10
975 3.305583e-10
976 2.400453e-10
977 1.703530e-10
978 1.177783e-10
979 7.920237e-11
980 2.363252e-08
981 1.910127e-08
982 1.506690e-08
983 1.165365e-08
984 8.821235e-09
985 6.496968e-09
986 4.678770e-09
987 3.364021e-09
988 2.432519e-09
989 1.768882e-09
990 1.304207e-09
991 9.726473e-10
992 7.309951e-10
993 5.499715e-10
994 4.112891e-10
995 3.035735e-10
996 2.198751e-10
997 1.555907e-10
998 1.072564e-10
999 7.192363e-11
1000 2.554782e-08
1001 2.073964e-08
1002 1.641038e-08
1003 1.272910e-08
1004 9.670034e-09
1005 7.149809e-09
1006 5.157498e-09
1007 3.701766e-09
1008 2.673381e-09
1009 1.938280e-09
1010 1.424827e-09
1011 1.059539e-09
1012 7.947914e-10
1013 5.976608e-10
1014 4.472812e-10
1015 3.307970e-10
1016 2.403181e-10
1017 1.707145e-10
1018 1.182032e-10
1019 7.964907e-11
1020 2.826634e-08
1021 2.306808e-08
1022 1.832200e-08
1023 1.426093e-08
1024 1.088009e-08
1025 8.082314e-09
1026 5.838862e-09
1027 4.182394e-09
1028 3.016496e-09
1029 2.179294e-09
1030 1.596516e-09
1031 1.183268e-09
1032 8.856268e-10
1033 6.655021e-10
1034 4.984809e-10
1035 3.695212e-10
1036 2.694053e-10
1037 1.922314e-10
1038 1.337809e-10
1039 9.062644e-11
1040 2.792012e-08
1041 2.280066e-08
1042 1.812051e-08
1043 1.410700e-08
1044 1.076237e-08
1045 8.000151e-09
1046 5.790036e-09
1047 4.149442e-09
1048 2.991286e-09
1049 2.162428e-09
1050 1.582921e-09
1051 1.172473e-09
1052 8.769788e-10
1053 6.585252e-10
1054 4.929487e-10
1055 3.652535e-10
1056 2.662287e-10
1057 1.899686e-10
1058 1.322446e-10
1059 8.963613e-11
1060 3.134541e-08
1061 2.578377e-08
1062 2.060389e-08
1063 1.610869e-08
1064 1.234800e-08
1065 9.236746e-09
1066 6.712180e-09
1067 4.803603e-09
1068 3.454712e-09
1069 2.489493e-09
1070 1.813396e-09
1071 1.336906e-09
1072 9.964374e-10
1073 7.468529e-10
1074 5.591400e-10
1075 4.151531e-10
1076 3.037410e-10
1077 2.178495e-10
1078 1.525900e-10
1079 1.041350e-10
1080 3.609515e-08
1081 3.002174e-08
1082 2.420356e-08
1083 1.904781e-08
1084 1.469468e-08
1085 1.108420e-08
1086 8.124637e-09
1087 5.824679e-09
1088 4.171629e-09
1089 2.998565e-09
1090 2.167773e-09
1091 1.587368e-09
1092 1.175478e-09
1093 8.771757e-10
1094 6.555635e-10
1095 4.872762e-10
1096 3.578341e-10
1097 2.582016e-10
1098 1.822818e-10
1099 1.255608e-10
