0 2.052553e-09
1 1.519300e-09
2 1.111336e-09
3 8.140522e-10
4 6.013085e-10
5 4.484468e-10
6 3.383377e-10
7 2.573921e-10
8 1.963074e-10
9 1.490240e-10
10 1.117844e-10
11 8.231038e-11
12 5.919397e-11
13 4.142894e-11
14 2.816806e-11
15 1.860487e-11
16 1.195339e-11
17 7.493029e-12
18 4.598419e-12
19 2.773289e-12
20 3.428682e-09
21 2.573367e-09
22 1.891404e-09
23 1.376418e-09
24 1.007344e-09
25 7.430996e-10
26 5.541077e-10
27 4.181800e-10
28 3.181888e-10
29 2.425212e-10
30 1.837909e-10
31 1.374810e-10
32 1.008237e-10
33 7.214862e-11
34 5.020784e-11
35 3.392460e-11
36 2.226214e-11
37 1.421351e-11
38 8.856845e-12
39 5.406528e-12
40 3.876743e-09
41 2.920319e-09
42 2.151647e-09
43 1.564944e-09
44 1.142690e-09
45 8.411053e-10
46 6.252419e-10
47 4.707647e-10
48 3.577053e-10
49 2.726629e-10
50 2.070010e-10
51 1.552948e-10
52 1.144005e-10
53 8.226693e-11
54 5.755503e-11
55 3.910078e-11
56 2.578901e-11
57 1.654078e-11
58 1.034655e-11
59 6.335267e-12
60 4.126482e-09
61 3.113870e-09
62 2.296501e-09
63 1.669784e-09
64 1.218112e-09
65 8.956394e-10
66 6.648443e-10
67 5.000788e-10
68 3.797857e-10
69 2.895072e-10
70 2.199462e-10
71 1.652442e-10
72 1.219449e-10
73 8.789980e-11
74 6.164866e-11
75 4.198206e-11
76 2.775651e-11
77 1.783905e-11
78 1.117773e-11
79 6.853506e-12
80 4.295222e-09
81 3.244962e-09
82 2.394692e-09
83 1.740727e-09
84 1.269114e-09
85 9.325166e-10
86 6.916329e-10
87 5.198752e-10
88 3.946486e-10
89 3.008951e-10
90 2.287519e-10
91 1.720085e-10
92 1.270775e-10
93 9.171946e-11
94 6.441319e-11
95 4.393574e-11
96 2.908498e-11
97 1.871472e-11
98 1.173860e-11
99 7.203293e-12
100 4.423301e-09
101 3.344200e-09
102 2.469049e-09
103 1.794420e-09
104 1.307742e-09
105 9.605459e-10
106 7.119259e-10
107 5.349248e-10
108 4.059756e-10
109 3.095057e-10
110 2.353349e-10
111 1.770974e-10
112 1.309385e-10
113 9.460103e-11
114 6.651300e-11
115 4.541227e-11
116 3.009242e-11
117 1.937974e-11
118 1.216429e-11
119 7.469063e-12
120 4.526812e-09
121 3.424675e-09
122 2.529070e-09
123 1.837837e-09
124 1.339108e-09
125 9.832526e-10
126 7.283754e-10
127 5.471180e-10
128 4.151423e-10
129 3.165184e-10
130 2.407435e-10
131 1.812300e-10
132 1.340858e-10
133 9.694168e-11
134 6.821870e-11
135 4.661175e-11
136 3.091035e-11
137 1.991675e-11
138 1.250760e-11
139 7.682720e-12
140 4.611050e-09
141 3.489932e-09
142 2.578141e-09
143 1.874387e-09
144 1.365217e-09
145 1.002112e-09
146 7.418404e-10
147 5.570008e-10
148 4.225739e-10
149 3.222174e-10
150 2.451522e-10
151 1.845954e-10
152 1.366385e-10
153 9.884375e-11
154 6.960105e-11
155 4.758288e-11
156 3.157318e-11
157 2.035385e-11
158 1.278713e-11
159 7.856862e-12
160 4.687678e-09
161 3.548890e-09
162 2.622843e-09
163 1.905484e-09
164 1.387768e-09
165 1.018427e-09
166 7.539367e-10
167 5.657218e-10
168 4.291849e-10
169 3.272473e-10
170 2.489857e-10
171 1.875917e-10
172 1.389131e-10
173 1.005389e-10
174 7.082604e-11
175 4.844248e-11
176 3.215630e-11
177 2.074071e-11
178 1.303443e-11
179 8.010900e-12
180 4.782163e-09
181 3.622782e-09
182 2.677953e-09
183 1.945678e-09
184 1.416362e-09
185 1.039240e-09
186 7.690795e-10
187 5.771918e-10
188 4.378658e-10
189 3.338729e-10
190 2.540684e-10
191 1.914571e-10
192 1.418466e-10
193 1.027278e-10
194 7.241401e-11
195 4.956717e-11
196 3.292331e-11
197 2.124781e-11
198 1.335986e-11
199 8.213985e-12
200 7.373279e-09
201 5.680983e-09
202 4.280084e-09
203 3.143339e-09
204 2.275982e-09
205 1.655684e-09
206 1.211680e-09
207 8.965812e-10
208 6.721427e-10
209 5.090252e-10
210 3.872879e-10
211 2.938430e-10
212 2.205733e-10
213 1.626946e-10
214 1.172579e-10
215 8.225319e-11
216 5.603584e-11
217 3.705780e-11
218 2.382168e-11
219 1.492539e-11
220 9.260092e-09
221 7.187676e-09
222 5.466357e-09
223 4.050359e-09
224 2.937097e-09
225 2.126818e-09
226 1.550766e-09
227 1.138982e-09
228 8.481835e-10
229 6.390484e-10
230 4.851501e-10
231 3.685164e-10
232 2.778878e-10
233 2.064962e-10
234 1.502832e-10
235 1.066256e-10
236 7.352886e-11
237 4.922697e-11
238 3.201195e-11
239 2.026304e-11
240 1.032873e-08
241 8.042343e-09
242 6.139563e-09
243 4.565411e-09
244 3.313057e-09
245 2.395150e-09
246 1.743479e-09
247 1.276580e-09
248 9.482339e-10
249 7.128833e-10
250 5.405698e-10
251 4.107619e-10
252 3.103270e-10
253 2.312929e-10
254 1.689900e-10
255 1.204376e-10
256 8.345947e-11
257 5.614216e-11
258 3.667422e-11
259 2.330667e-11
260 1.105225e-08
261 8.621179e-09
262 6.595159e-09
263 4.914211e-09
264 3.567907e-09
265 2.576807e-09
266 1.874169e-09
267 1.370030e-09
268 1.016046e-09
269 7.628833e-10
270 5.782367e-10
271 4.394794e-10
272 3.323041e-10
273 2.480950e-10
274 1.816586e-10
275 1.297965e-10
276 9.018485e-11
277 6.082866e-11
278 3.983450e-11
279 2.536940e-11
280 1.159976e-08
281 9.058568e-09
282 6.939566e-09
283 5.177905e-09
284 3.760452e-09
285 2.713871e-09
286 1.972980e-09
287 1.440770e-09
288 1.067356e-09
289 8.007497e-10
290 6.066908e-10
291 4.611542e-10
292 3.489467e-10
293 2.608220e-10
294 1.912675e-10
295 1.368820e-10
296 9.527513e-11
297 6.437761e-11
298 4.222543e-11
299 2.693071e-11
300 1.204470e-08
301 9.414426e-09
302 7.219317e-09
303 5.392390e-09
304 3.917499e-09
305 2.825876e-09
306 2.053229e-09
307 1.498124e-09
308 1.108955e-09
309 8.315087e-10
310 6.297923e-10
311 4.787906e-10
312 3.624579e-10
313 2.711522e-10
314 1.990435e-10
315 1.426359e-10
316 9.941184e-11
317 6.725796e-11
318 4.416885e-11
319 2.819905e-11
320 1.241140e-08
321 9.707259e-09
322 7.450649e-09
323 5.568758e-09
324 4.047163e-09
325 2.918238e-09
326 2.119649e-09
327 1.545420e-09
328 1.143099e-09
329 8.567380e-10
330 6.487566e-10
331 4.932452e-10
332 3.735814e-10
333 2.796464e-10
334 2.054490e-10
335 1.473658e-10
336 1.028097e-10
337 6.962521e-11
338 4.576118e-11
339 2.923845e-11
340 1.273440e-08
341 9.965450e-09
342 7.653820e-09
343 5.724714e-09
344 4.159519e-09
345 2.998487e-09
346 2.177483e-09
347 1.587032e-09
348 1.173564e-09
349 8.790664e-10
350 6.656052e-10
351 5.060961e-10
352 3.834078e-10
353 2.871358e-10
354 2.111134e-10
355 1.515516e-10
356 1.058141e-10
357 7.171915e-11
358 4.717425e-11
359 3.015955e-11
360 1.314201e-08
361 1.029055e-08
362 7.909628e-09
363 5.921431e-09
364 4.303267e-09
365 3.101108e-09
366 2.251182e-09
367 1.639817e-09
368 1.211609e-09
369 9.070593e-10
370 6.867187e-10
371 5.221297e-10
372 3.957226e-10
373 2.965564e-10
374 2.182152e-10
375 1.567947e-10
376 1.095850e-10
377 7.434380e-11
378 4.894433e-11
379 3.131706e-11
380 1.276890e-08
381 1.002732e-08
382 7.726483e-09
383 5.823479e-09
384 4.273068e-09
385 3.083200e-09
386 2.233914e-09
387 1.627046e-09
388 1.196445e-09
389 8.916825e-10
390 6.718342e-10
391 5.089870e-10
392 3.849623e-10
393 2.884537e-10
394 2.126605e-10
395 1.534002e-10
396 1.078246e-10
397 7.367737e-11
398 4.890163e-11
399 3.155325e-11
400 1.500652e-08
401 1.185383e-08
402 9.185514e-09
403 6.970697e-09
404 5.150379e-09
405 3.720687e-09
406 2.686117e-09
407 1.951420e-09
408 1.426634e-09
409 1.057827e-09
410 7.934546e-10
411 5.998289e-10
412 4.538010e-10
413 3.409982e-10
414 2.526693e-10
415 1.835026e-10
416 1.300397e-10
417 8.964820e-11
418 6.004715e-11
419 3.908663e-11
420 1.653224e-08
421 1.310169e-08
422 1.018147e-08
423 7.754980e-09
424 5.750241e-09
425 4.157406e-09
426 2.995077e-09
427 2.173130e-09
428 1.583946e-09
429 1.171319e-09
430 8.766638e-10
431 6.618809e-10
432 5.007922e-10
433 3.768580e-10
434 2.799624e-10
435 2.040448e-10
436 1.451991e-10
437 1.005527e-10
438 6.766720e-11
439 4.423983e-11
440 1.768909e-08
441 1.404251e-08
442 1.093451e-08
443 8.348649e-09
444 6.203956e-09
445 4.486872e-09
446 3.229659e-09
447 2.340740e-09
448 1.703130e-09
449 1.257341e-09
450 9.396745e-10
451 7.089004e-10
452 5.364169e-10
453 4.040113e-10
454 3.006445e-10
455 2.196090e-10
456 1.566806e-10
457 1.088165e-10
458 7.342903e-11
459 4.813710e-11
460 1.862422e-08
461 1.480803e-08
462 1.154467e-08
463 8.829244e-09
464 6.570735e-09
465 4.754439e-09
466 3.419644e-09
467 2.476627e-09
468 1.799703e-09
469 1.326799e-09
470 9.905266e-10
471 7.468954e-10
472 5.651661e-10
473 4.260036e-10
474 3.173805e-10
475 2.322073e-10
476 1.659795e-10
477 1.155012e-10
478 7.809852e-11
479 5.129437e-11
480 1.939433e-08
481 1.543834e-08
482 1.204819e-08
483 9.224440e-09
484 6.874362e-09
485 4.974689e-09
486 3.575523e-09
487 2.588712e-09
488 1.879193e-09
489 1.384325e-09
490 1.032632e-09
491 7.782133e-10
492 5.889417e-10
493 4.441387e-10
494 3.311872e-10
495 2.425954e-10
496 1.736448e-10
497 1.210144e-10
498 8.194708e-11
499 5.389762e-11
500 2.007739e-08
501 1.599517e-08
502 1.249369e-08
503 9.575048e-09
504 7.142044e-09
505 5.169737e-09
506 3.713916e-09
507 2.687983e-09
508 1.949768e-09
509 1.434911e-09
510 1.069774e-09
511 8.059984e-10
512 6.099753e-10
513 4.601665e-10
514 3.433895e-10
515 2.517759e-10
516 1.804226e-10
517 1.258896e-10
518 8.535121e-11
519 5.620004e-11
520 2.093633e-08
521 1.669807e-08
522 1.305514e-08
523 1.001776e-08
524 7.480033e-09
525 5.416136e-09
526 3.888589e-09
527 2.813629e-09
528 2.038283e-09
529 1.499066e-09
530 1.116641e-09
531 8.409469e-10
532 6.364576e-10
533 4.803623e-10
534 3.587619e-10
535 2.633476e-10
536 1.889624e-10
537 1.320349e-10
538 8.965505e-11
539 5.910442e-11
540 1.850285e-08
541 1.476233e-08
542 1.153090e-08
543 8.833218e-09
544 6.603738e-09
545 4.807529e-09
546 3.457232e-09
547 2.501328e-09
548 1.816709e-09
549 1.335454e-09
550 9.936746e-10
551 7.470719e-10
552 5.640588e-10
553 4.245783e-10
554 3.162823e-10
555 2.316558e-10
556 1.659750e-10
557 1.158952e-10
558 7.870986e-11
559 5.196059e-11
560 2.103810e-08
561 1.688550e-08
562 1.324906e-08
563 1.019917e-08
564 7.673331e-09
565 5.613121e-09
566 4.033749e-09
567 2.910708e-09
568 2.108459e-09
569 1.541782e-09
570 1.142128e-09
571 8.556497e-10
572 6.449448e-10
573 4.856722e-10
574 3.626802e-10
575 2.667749e-10
576 1.922255e-10
577 1.351314e-10
578 9.245207e-11
579 6.149458e-11
580 2.296037e-08
581 1.849882e-08
582 1.455641e-08
583 1.123815e-08
584 8.485269e-09
585 6.225883e-09
586 4.473212e-09
587 3.221736e-09
588 2.330333e-09
589 1.698655e-09
590 1.255138e-09
591 9.383740e-10
592 7.064990e-10
593 5.321251e-10
594 3.979674e-10
595 2.934797e-10
596 2.121830e-10
597 1.497626e-10
598 1.029043e-10
599 6.874883e-11
600 2.452188e-08
601 1.980505e-08
602 1.561360e-08
603 1.208028e-08
604 9.144532e-09
605 6.722958e-09
606 4.829055e-09
607 3.474080e-09
608 2.510206e-09
609 1.826006e-09
610 1.346685e-09
611 1.005178e-09
612 7.562912e-10
613 5.697786e-10
614 4.265551e-10
615 3.151173e-10
616 2.283586e-10
617 1.616134e-10
618 1.113741e-10
619 7.462538e-11
620 2.581169e-08
621 2.088603e-08
622 1.648734e-08
623 1.277441e-08
624 9.688007e-09
625 7.132897e-09
626 5.123089e-09
627 3.682625e-09
628 2.658742e-09
629 1.930952e-09
630 1.422159e-09
631 1.060547e-09
632 7.974696e-10
633 6.008392e-10
634 4.501440e-10
635 3.329680e-10
636 2.417016e-10
637 1.713938e-10
638 1.183618e-10
639 7.947794e-11
640 2.694563e-08
641 2.183535e-08
642 1.725769e-08
643 1.338710e-08
644 1.016842e-08
645 7.494708e-09
646 5.381786e-09
647 3.865987e-09
648 2.789559e-09
649 2.023748e-09
650 1.488687e-09
651 1.109232e-09
652 8.337466e-10
653 6.282319e-10
654 4.709474e-10
655 3.487082e-10
656 2.534694e-10
657 1.800168e-10
658 1.245233e-10
659 8.375217e-11
660 2.837224e-08
661 2.303123e-08
662 1.822655e-08
663 1.415868e-08
664 1.077187e-08
665 7.950188e-09
666 5.707940e-09
667 4.097980e-09
668 2.954311e-09
669 2.140089e-09
670 1.572589e-09
671 1.170569e-09
672 8.794626e-10
673 6.627271e-10
674 4.971226e-10
675 3.685382e-10
676 2.682774e-10
677 1.908718e-10
678 1.322802e-10
679 8.913529e-11
680 2.464320e-08
681 1.997035e-08
682 1.578024e-08
683 1.222598e-08
684 9.273454e-09
685 6.846205e-09
686 4.934316e-09
687 3.545000e-09
688 2.561322e-09
689 1.859622e-09
690 1.368693e-09
691 1.019019e-09
692 7.649703e-10
693 5.753714e-10
694 4.304391e-10
695 3.180541e-10
696 2.307550e-10
697 1.636386e-10
698 1.130902e-10
699 7.604316e-11
700 2.748862e-08
701 2.241668e-08
702 1.779560e-08
703 1.384165e-08
704 1.055042e-08
705 7.832979e-09
706 5.661399e-09
707 4.057643e-09
708 2.926789e-09
709 2.116674e-09
710 1.551299e-09
711 1.150234e-09
712 8.610403e-10
713 6.469140e-10
714 4.843360e-10
715 3.587844e-10
716 2.613515e-10
717 1.863121e-10
718 1.295396e-10
719 8.767658e-11
720 2.980081e-08
721 2.440374e-08
722 1.943361e-08
723 1.515493e-08
724 1.158928e-08
725 8.635709e-09
726 6.253160e-09
727 4.474906e-09
728 3.223963e-09
729 2.325943e-09
730 1.699597e-09
731 1.256785e-09
732 9.390630e-10
733 7.050894e-10
734 5.281445e-10
735 3.918932e-10
736 2.862302e-10
737 2.047385e-10
738 1.429147e-10
739 9.713787e-11
740 3.170563e-08
741 2.604270e-08
742 2.078469e-08
743 1.623924e-08
744 1.244616e-08
745 9.297873e-09
746 6.740362e-09
747 4.819677e-09
748 3.469286e-09
749 2.498512e-09
750 1.822208e-09
751 1.344887e-09
752 1.003507e-09
753 7.530362e-10
754 5.642665e-10
755 4.192376e-10
756 3.067686e-10
757 2.199568e-10
758 1.539369e-10
759 1.049334e-10
760 3.338545e-08
761 2.748639e-08
762 2.197599e-08
763 1.719511e-08
764 1.320256e-08
765 9.882003e-09
766 7.170091e-09
767 5.123506e-09
768 3.685678e-09
769 2.650808e-09
770 1.930226e-09
771 1.422425e-09
772 1.060329e-09
773 7.953296e-10
774 5.961216e-10
775 4.432512e-10
776 3.248113e-10
777 2.333208e-10
778 1.636546e-10
779 1.118069e-10
780 3.551094e-08
781 2.931313e-08
782 2.347714e-08
783 1.840131e-08
784 1.415480e-08
785 1.061801e-08
786 7.712418e-09
787 5.506486e-09
788 3.957769e-09
789 2.842239e-09
790 2.066349e-09
791 1.520241e-09
792 1.131956e-09
793 8.486457e-10
794 6.362551e-10
795 4.735791e-10
796 3.475937e-10
797 2.502015e-10
798 1.759056e-10
799 1.204723e-10
800 3.132601e-08
801 2.578778e-08
802 2.061637e-08
803 1.612362e-08
804 1.236441e-08
805 9.252527e-09
806 6.730465e-09
807 4.818584e-09
808 3.464293e-09
809 2.496821e-09
810 1.817787e-09
811 1.339605e-09
812 9.979986e-10
813 7.476762e-10
814 5.595263e-10
815 4.153607e-10
816 3.038866e-10
817 2.179879e-10
818 1.527540e-10
819 1.042991e-10
820 3.452784e-08
821 2.860763e-08
822 2.298965e-08
823 1.804871e-08
824 1.389703e-08
825 1.045328e-08
826 7.638518e-09
827 5.468605e-09
828 3.922529e-09
829 2.821483e-09
830 2.044643e-09
831 1.500841e-09
832 1.114054e-09
833 8.328470e-10
834 6.229783e-10
835 4.630206e-10
836 3.396834e-10
837 2.446484e-10
838 1.722845e-10
839 1.183085e-10
840 3.717681e-08
841 3.094246e-08
842 2.495317e-08
843 1.964169e-08
844 1.516341e-08
845 1.144535e-08
846 8.388248e-09
847 6.006149e-09
848 4.301230e-09
849 3.090110e-09
850 2.232453e-09
851 1.634141e-09
852 1.210147e-09
853 9.032726e-10
854 6.753662e-10
855 5.023890e-10
856 3.692494e-10
857 2.666675e-10
858 1.884276e-10
859 1.298908e-10
860 3.950569e-08
861 3.299429e-08
862 2.667976e-08
863 2.104346e-08
864 1.628051e-08
865 1.232064e-08
866 9.049982e-09
867 6.479464e-09
868 4.634724e-09
869 3.326512e-09
870 2.397851e-09
871 1.751638e-09
872 1.294753e-09
873 9.652833e-10
874 7.215779e-10
875 5.370539e-10
876 3.952866e-10
877 2.860576e-10
878 2.026425e-10
879 1.400902e-10
880 4.245534e-08
881 3.558763e-08
882 2.886359e-08
883 2.281568e-08
884 1.768882e-08
885 1.342409e-08
886 9.884863e-09
887 7.078549e-09
888 5.056350e-09
889 3.625057e-09
890 2.606790e-09
891 1.899934e-09
892 1.401623e-09
893 1.043576e-09
894 7.798647e-10
895 5.808189e-10
896 4.281498e-10
897 3.105364e-10
898 2.205889e-10
899 1.529645e-10
900 3.870811e-08
901 3.236475e-08
902 2.620506e-08
903 2.068905e-08
904 1.600869e-08
905 1.212001e-08
906 8.921345e-09
907 6.404524e-09
908 4.578263e-09
909 3.287294e-09
910 2.368772e-09
911 1.729182e-09
912 1.276433e-09
913 9.503317e-10
914 7.094714e-10
915 5.274851e-10
916 3.879529e-10
917 2.806551e-10
918 1.988331e-10
919 1.375314e-10
920 4.223566e-08
921 3.554712e-08
922 2.893684e-08
923 2.293682e-08
924 1.781104e-08
925 1.354336e-08
926 1.001738e-08
927 7.209101e-09
928 5.143801e-09
929 3.687748e-09
930 2.648065e-09
931 1.925388e-09
932 1.415646e-09
933 1.050792e-09
934 7.832437e-10
935 5.823406e-10
936 4.289630e-10
937 3.112236e-10
938 2.213756e-10
939 1.538706e-10
940 4.534730e-08
941 3.835381e-08
942 3.135091e-08
943 2.492295e-08
944 1.940365e-08
945 1.480011e-08
946 1.098743e-08
947 7.919690e-09
948 5.643187e-09
949 4.041720e-09
950 2.894577e-09
951 2.098717e-09
952 1.538571e-09
953 1.139530e-09
954 8.484006e-10
955 6.307777e-10
956 4.651727e-10
957 3.382104e-10
958 2.412757e-10
959 1.682943e-10
960 4.927964e-08
961 4.189932e-08
962 3.439290e-08
963 2.742884e-08
964 2.140955e-08
965 1.638521e-08
966 1.221016e-08
967 8.817021e-09
968 6.273540e-09
969 4.487671e-09
970 3.205815e-09
971 2.317340e-09
972 1.693602e-09
973 1.251411e-09
974 9.305325e-10
975 6.918390e-10
976 5.108126e-10
977 3.722327e-10
978 2.663648e-10
979 1.864764e-10
980 4.671021e-08
981 3.965643e-08
982 3.253026e-08
983 2.593613e-08
984 2.023184e-08
985 1.546518e-08
986 1.151821e-08
987 8.330681e-09
988 5.936909e-09
989 4.245973e-09
990 3.039248e-09
991 2.197266e-09
992 1.606532e-09
993 1.186915e-09
994 8.819692e-10
995 6.550190e-10
996 4.829575e-10
997 3.513947e-10
998 2.510684e-10
999 1.755230e-10
1000 5.072626e-08
1001 4.336120e-08
1002 3.577682e-08
1003 2.865241e-08
1004 2.242894e-08
1005 1.720836e-08
1006 1.287912e-08
1007 9.352187e-09
1008 6.662499e-09
1009 4.755841e-09
1010 3.397181e-09
1011 2.445591e-09
1012 1.780730e-09
1013 1.310846e-09
1014 9.716322e-10
1015 7.208565e-10
1016 5.317756e-10
1017 3.876690e-10
1018 2.778650e-10
1019 1.950666e-10
1020 5.580174e-08
1021 4.803216e-08
1022 3.987303e-08
1023 3.208079e-08
1024 2.520032e-08
1025 1.941038e-08
1026 1.459929e-08
1027 1.064459e-08
1028 7.580026e-09
1029 5.399823e-09
1030 3.849455e-09
1031 2.759157e-09
1032 2.000776e-09
1033 1.467347e-09
1034 1.084798e-09
1035 8.039518e-10
1036 5.933824e-10
1037 4.334463e-10
1038 3.116860e-10
1039 2.197368e-10
1040 5.576281e-08
1041 4.807663e-08
1042 3.999265e-08
1043 3.223584e-08
1044 2.535572e-08
1045 1.954373e-08
1046 1.471738e-08
1047 1.075711e-08
1048 7.676191e-09
1049 5.463570e-09
1050 3.896335e-09
1051 2.789176e-09
1052 2.020129e-09
1053 1.479069e-09
1054 1.091615e-09
1055 8.078744e-10
1056 5.956917e-10
1057 4.349067e-10
1058 3.127272e-10
1059 2.205731e-10
1060 6.222104e-08
1061 5.414565e-08
1062 4.542730e-08
1063 3.686953e-08
1064 2.914898e-08
1065 2.257603e-08
1066 1.710522e-08
1067 1.258579e-08
1068 9.001607e-09
1069 6.389330e-09
1070 4.548620e-09
1071 3.238735e-09
1072 2.333143e-09
1073 1.698229e-09
1074 1.247681e-09
1075 9.206682e-10
1076 6.783559e-10
1077 4.958899e-10
1078 3.576858e-10
1079 2.534540e-10
1080 7.099328e-08
1081 6.260069e-08
1082 5.319154e-08
1083 4.365619e-08
1084 3.480918e-08
1085 2.714247e-08
1086 2.072842e-08
1087 1.540935e-08
1088 1.110777e-08
1089 7.871612e-09
1090 5.586443e-09
1091 3.958493e-09
1092 2.827342e-09
1093 2.039189e-09
1094 1.485734e-09
1095 1.089484e-09
1096 7.998409e-10
1097 5.842932e-10
1098 4.223479e-10
1099 3.006627e-10
