0 6.497293e-11
1 4.520468e-11
2 3.037813e-11
3 1.592032e-11
4 7.947966e-12
5 3.923166e-12
6 2.019263e-12
7 1.143161e-12
8 6.722384e-13
9 3.761685e-13
10 1.914664e-10
11 1.339002e-10
12 8.978341e-11
13 4.754327e-11
14 2.371676e-11
15 1.168195e-11
16 5.985298e-12
17 3.377807e-12
18 1.984787e-12
19 1.112692e-12
20 2.744559e-10
21 1.922077e-10
22 1.288038e-10
23 6.840023e-11
24 3.411579e-11
25 1.679173e-11
26 8.593368e-12
27 4.845528e-12
28 2.846576e-12
29 1.596592e-12
30 3.354628e-10
31 2.350704e-10
32 1.574885e-10
33 8.373432e-11
34 4.176153e-11
35 2.054802e-11
36 1.051060e-11
37 5.924477e-12
38 3.480094e-12
39 1.952315e-12
40 3.853725e-10
41 2.701355e-10
42 1.809548e-10
43 9.627405e-11
44 4.801499e-11
45 2.362130e-11
46 1.207903e-11
47 6.807144e-12
48 3.998364e-12
49 2.243325e-12
50 4.292377e-10
51 3.009547e-10
52 2.015795e-10
53 1.072985e-10
54 5.351067e-11
55 2.632180e-11
56 1.345757e-11
57 7.582928e-12
58 4.453875e-12
59 2.499097e-12
60 4.698848e-10
61 3.295142e-10
62 2.206918e-10
63 1.175062e-10
64 5.860033e-11
65 2.882472e-11
66 1.473504e-11
67 8.301819e-12
68 4.875975e-12
69 2.736111e-12
70 5.099675e-10
71 3.576746e-10
72 2.395375e-10
73 1.275882e-10
74 6.362379e-11
75 3.129251e-11
76 1.599463e-11
77 9.010686e-12
78 5.292198e-12
79 2.969820e-12
80 5.572519e-10
81 3.908976e-10
82 2.617708e-10
83 1.394722e-10
84 6.955240e-11
85 3.420413e-11
86 1.748069e-11
87 9.846976e-12
88 5.783231e-12
89 3.245540e-12
90 6.244106e-10
91 4.380762e-10
92 2.933438e-10
93 1.563485e-10
94 7.796598e-11
95 3.833851e-11
96 1.959116e-11
97 1.103468e-11
98 6.480609e-12
99 3.637119e-12
100 6.881895e-10
101 4.877243e-10
102 3.253571e-10
103 1.769845e-10
104 8.828431e-11
105 4.304013e-11
106 2.185760e-11
107 1.223449e-11
108 7.170965e-12
109 4.036438e-12
110 1.076079e-09
111 7.671454e-10
112 5.107430e-10
113 2.810656e-10
114 1.402471e-10
115 6.801066e-11
116 3.443164e-11
117 1.920156e-11
118 1.123978e-11
119 6.336413e-12
120 1.363361e-09
121 9.742425e-10
122 6.481348e-10
123 3.583300e-10
124 1.788191e-10
125 8.653020e-11
126 4.375095e-11
127 2.436277e-11
128 1.425315e-11
129 8.039977e-12
130 1.598472e-09
131 1.143719e-09
132 7.605586e-10
133 4.215352e-10
134 2.104089e-10
135 1.016947e-10
136 5.138027e-11
137 2.858802e-11
138 1.672022e-11
139 9.434716e-12
140 1.804297e-09
141 1.292107e-09
142 8.589923e-10
143 4.771047e-10
144 2.381390e-10
145 1.150106e-10
146 5.808396e-11
147 3.228926e-11
148 1.888145e-11
149 1.065658e-11
150 1.996463e-09
151 1.430685e-09
152 9.509111e-10
153 5.285956e-10
154 2.638154e-10
155 1.273515e-10
156 6.430090e-11
157 3.574167e-11
158 2.089725e-11
159 1.179617e-11
160 2.185522e-09
161 1.566929e-09
162 1.041289e-09
163 5.793568e-10
164 2.891588e-10
165 1.395408e-10
166 7.043186e-11
167 3.913921e-11
168 2.288093e-11
169 1.291759e-11
170 2.408019e-09
171 1.727317e-09
172 1.147701e-09
173 6.392045e-10
174 3.190579e-10
175 1.538867e-10
176 7.764714e-11
177 4.313528e-11
178 2.521395e-11
179 1.423655e-11
180 2.724154e-09
181 1.955305e-09
182 1.298919e-09
183 7.242478e-10
184 3.615466e-10
185 1.742930e-10
186 8.791355e-11
187 4.882292e-11
188 2.853489e-11
189 1.611426e-11
190 1.821925e-09
191 1.314623e-09
192 8.723548e-10
193 4.909815e-10
194 2.451250e-10
195 1.177356e-10
196 5.923044e-11
197 3.278045e-11
198 1.912834e-11
199 1.081145e-11
200 2.409997e-09
201 1.749373e-09
202 1.159272e-09
203 6.591408e-10
204 3.292071e-10
205 1.575014e-10
206 7.899166e-11
207 4.355015e-11
208 2.536945e-11
209 1.435483e-11
210 2.892308e-09
211 2.106062e-09
212 1.394678e-09
213 7.974970e-10
214 3.982168e-10
215 1.902115e-10
216 9.520985e-11
217 5.238609e-11
218 3.048933e-11
219 1.726156e-11
220 3.316431e-09
221 2.419931e-09
222 1.601820e-09
223 9.191023e-10
224 4.588931e-10
225 2.189477e-10
226 1.094799e-10
227 6.016112e-11
228 3.499409e-11
229 1.981925e-11
230 3.709291e-09
231 2.710397e-09
232 1.793510e-09
233 1.031680e-09
234 5.150086e-10
235 2.455572e-10
236 1.226826e-10
237 6.735768e-11
238 3.916448e-11
239 2.218737e-11
240 4.096833e-09
241 2.996757e-09
242 1.982492e-09
243 1.142592e-09
244 5.705277e-10
245 2.718109e-10
246 1.357091e-10
247 7.445751e-11
248 4.327857e-11
249 2.452287e-11
250 4.554829e-09
251 3.335676e-09
252 2.206138e-09
253 1.273495e-09
254 6.358778e-10
255 3.027699e-10
256 1.510844e-10
257 8.284987e-11
258 4.814068e-11
259 2.728322e-11
260 5.202689e-09
261 3.814926e-09
262 2.522439e-09
263 1.459602e-09
264 7.287623e-10
265 3.467546e-10
266 1.729025e-10
267 9.471956e-11
268 5.501770e-11
269 3.118811e-11
270 3.315116e-09
271 2.431264e-09
272 1.608527e-09
273 9.299573e-10
274 4.640880e-10
275 2.213069e-10
276 1.102922e-10
277 6.039585e-11
278 3.506589e-11
279 1.987055e-11
280 4.081804e-09
281 3.011684e-09
282 1.991068e-09
283 1.161607e-09
284 5.794939e-10
285 2.759356e-10
286 1.370310e-10
287 7.473545e-11
288 4.330196e-11
289 2.455567e-11
290 4.756554e-09
291 3.522580e-09
292 2.327833e-09
293 1.365767e-09
294 6.811211e-10
295 3.240315e-10
296 1.605721e-10
297 8.735987e-11
298 5.055165e-11
299 2.867981e-11
300 5.381381e-09
301 3.996392e-09
302 2.640142e-09
303 1.554560e-09
304 7.751131e-10
305 3.686293e-10
306 1.824023e-10
307 9.906224e-11
308 5.727159e-11
309 3.250369e-11
310 5.999246e-09
311 4.463718e-09
312 2.948073e-09
313 1.741251e-09
314 8.681383e-10
315 4.126263e-10
316 2.039288e-10
317 1.106090e-10
318 6.390314e-11
319 3.627502e-11
320 6.727529e-09
321 5.015220e-09
322 3.311524e-09
323 1.960952e-09
324 9.775482e-10
325 4.645663e-10
326 2.292817e-10
327 1.242394e-10
328 7.173122e-11
329 4.072806e-11
330 7.762003e-09
331 5.797560e-09
332 3.827248e-09
333 2.273799e-09
334 1.133261e-09
335 5.382149e-10
336 2.653838e-10
337 1.435668e-10
338 8.282923e-11
339 4.704164e-11
340 5.152532e-09
341 3.837761e-09
342 2.535998e-09
343 1.498290e-09
344 7.467981e-10
345 3.554670e-10
346 1.755700e-10
347 9.514090e-11
348 5.492616e-11
349 3.117127e-11
350 6.114674e-09
351 4.582774e-09
352 3.027900e-09
353 1.803033e-09
354 8.983274e-10
355 4.275506e-10
356 2.104435e-10
357 1.135578e-10
358 6.539640e-11
359 3.712829e-11
360 7.005739e-09
361 5.273466e-09
362 3.483891e-09
363 2.085536e-09
364 1.038938e-09
365 4.943513e-10
366 2.427836e-10
367 1.306320e-10
368 7.510101e-11
369 4.265077e-11
370 7.886709e-09
371 5.955469e-09
372 3.934515e-09
373 2.364581e-09
374 1.177507e-09
375 5.603659e-10
376 2.747383e-10
377 1.474680e-10
378 8.466975e-11
379 4.809348e-11
380 8.924204e-09
381 6.759584e-09
382 4.465252e-09
383 2.693319e-09
384 1.341252e-09
385 6.381487e-10
386 3.123666e-10
387 1.673717e-10
388 9.598515e-11
389 5.453094e-11
390 1.039891e-08
391 7.901390e-09
392 5.219218e-09
393 3.160580e-09
394 1.573440e-09
395 7.486244e-10
396 3.658255e-10
397 1.956044e-10
398 1.120328e-10
399 6.366080e-11
400 7.390797e-09
401 5.590100e-09
402 3.695287e-09
403 2.222662e-09
404 1.107289e-09
405 5.272939e-10
406 2.583642e-10
407 1.385262e-10
408 7.945309e-11
409 4.511715e-11
410 8.593164e-09
411 6.542014e-09
412 4.326878e-09
413 2.620470e-09
414 1.305771e-09
415 6.219646e-10
416 3.038336e-10
417 1.621525e-10
418 9.272637e-11
419 5.265591e-11
420 9.780505e-09
421 7.483077e-09
422 4.950955e-09
423 3.013397e-09
424 1.501568e-09
425 7.156019e-10
426 3.488146e-10
427 1.854833e-10
428 1.058293e-10
429 6.009808e-11
430 1.118215e-08
431 8.593107e-09
432 5.687756e-09
433 3.477004e-09
434 1.733181e-09
435 8.260834e-10
436 4.018386e-10
437 2.130554e-10
438 1.213048e-10
439 6.888599e-11
440 1.317072e-08
441 1.016836e-08
442 6.732747e-09
443 4.135288e-09
444 2.061247e-09
445 9.828016e-10
446 4.770826e-10
447 2.521735e-10
448 1.432908e-10
449 8.137426e-11
450 1.014698e-08
451 7.797186e-09
452 5.164744e-09
453 3.153809e-09
454 1.573526e-09
455 7.502148e-10
456 3.650663e-10
457 1.934977e-10
458 1.101306e-10
459 6.251311e-11
460 1.170249e-08
461 9.058074e-09
462 6.007647e-09
463 3.690552e-09
464 1.843723e-09
465 8.798263e-10
466 4.268776e-10
467 2.250441e-10
468 1.276067e-10
469 7.240242e-11
470 1.353964e-08
471 1.054689e-08
472 7.002969e-09
473 4.324222e-09
474 2.163329e-09
475 1.032842e-09
476 4.998048e-10
477 2.622789e-10
478 1.482229e-10
479 8.406517e-11
480 1.614787e-08
481 1.266061e-08
482 8.416885e-09
483 5.225069e-09
484 2.616770e-09
485 1.250196e-09
486 6.034577e-10
487 3.152198e-10
488 1.775465e-10
489 1.006567e-10
490 1.369982e-08
491 1.071182e-08
492 7.124080e-09
493 4.406965e-09
494 2.210278e-09
495 1.055682e-09
496 5.101278e-10
497 2.668811e-10
498 1.504461e-10
499 8.525809e-11
500 1.608867e-08
501 1.269588e-08
502 8.466486e-09
503 5.268759e-09
504 2.652466e-09
505 1.268628e-09
506 6.105574e-10
507 3.171998e-10
508 1.778311e-10
509 1.006483e-10
510 1.948409e-08
511 1.551592e-08
512 1.037483e-08
513 6.494685e-09
514 3.280980e-09
515 1.571192e-09
516 7.533972e-10
517 3.887953e-10
518 2.168252e-10
519 1.225660e-10
520 1.928816e-08
521 1.542829e-08
522 1.034643e-08
523 6.483388e-09
524 3.293323e-09
525 1.578447e-09
526 7.548431e-10
527 3.880925e-10
528 2.155991e-10
529 1.216551e-10
530 2.392728e-08
531 1.940816e-08
532 1.309642e-08
533 8.260818e-09
534 4.237712e-09
535 2.035322e-09
536 9.673948e-10
537 4.920218e-10
538 2.706858e-10
539 1.521933e-10
540 3.091794e-08
541 2.566510e-08
542 1.756817e-08
543 1.116800e-08
544 5.864494e-09
545 2.825309e-09
546 1.331401e-09
547 6.642696e-10
548 3.584394e-10
549 1.996059e-10
